Name:truck_04
Translation: -84.0616,1244.79,-4399.95
Dof: -0.48481 0.0 -0.87462
Up: 0.0 1.0 0.0
Right: 0.87462 0.0 -0.48481
Name:TeamAPos
Translation: 427.999,1233.4,-4819.72
Dof: 1.0 0.0 0.0
Up: 0.0 1.0 0.0
Right: 0.0 0.0 1.0
Name:TeamAPos
Translation: -111.394,1246.69,-4639.37
Dof: 1.0 0.0 0.0
Up: 0.0 1.0 0.0
Right: 0.0 0.0 1.0
Name:snipegun_41
Translation: -679.216,1326.49,1911.32
Dof: -1.0 0.0 0.0
Up: 0.0 1.0 0.0
Right: 0.0 0.0 -1.0
Name:sb_46
Translation: -214.624,1278.0,-4220.96
Dof: 0.584226 0.000232173 -0.811591
Up: 0.0141876 0.999844 -0.010499
Right: 0.811467 -0.0176484 0.584132
Name:sb_45
Translation: -284.587,1278.49,-4173.7
Dof: 0.811467 -0.0176484 0.584131
Up: 0.0141876 0.999844 -0.010499
Right: -0.584226 -0.000232179 0.811592
Name:sb_44
Translation: -325.161,1279.38,-4202.91
Dof: 0.811467 -0.0176484 0.584131
Up: 0.0141876 0.999844 -0.010499
Right: -0.584226 -0.000232183 0.811591
Name:sb_43
Translation: -243.835,1277.99,-4180.38
Dof: 0.584226 0.000232173 -0.811591
Up: 0.0141876 0.999844 -0.010499
Right: 0.811467 -0.0176484 0.584132
Name:plane3_01
Translation: -565.737,1313.02,1929.98
Dof: 1.68587e-007 0.0 -1.0
Up: 0.0 1.0 0.0
Right: 1.0 0.0 1.68587e-007
Name:nHangar_06
Translation: -615.553,1326.7,1930.95
Dof: 1.68587e-007 0.0 1.0
Up: 0.0 1.0 0.0
Right: -1.0 0.0 1.68587e-007
Name:hpacklg_17
Translation: -141.59,1263.94,-4589.41
Dof: 0.0 0.0 -1.0
Up: 0.0 1.0 0.0
Right: 1.0 0.0 0.0
Name:kpist_38
Translation: 237.445,1234.09,-4923.97
Dof: 1.0 0.0 0.0
Up: 0.0 1.0 0.0
Right: 0.0 0.0 1.0
Name:amopack_18
Translation: -179.842,1263.45,-4567.85
Dof: 0.0 0.0 -1.0
Up: 0.0 1.0 0.0
Right: 1.0 0.0 0.0
Name:hpacklg_14
Translation: -678.85,1326.49,1869.53
Dof: -1.0 0.0 0.0
Up: 0.0 1.0 0.0
Right: 0.0 0.0 -1.0
Name:fueltank_13
Translation: -678.85,1326.49,1891.04
Dof: -1.0 0.0 0.0
Up: 0.0 1.0 0.0
Right: 0.0 0.0 -1.0
Name:flagbase_1
Translation: 54.5011,1265.44,-4624.76
Dof: 0.833886 0.0 -0.551937
Up: 0.0 1.0 0.0
Right: 0.551937 0.0 0.833886
Name:car2_02
Translation: 449.375,1229.98,-4905.8
Dof: -0.953717 0.0 0.300706
Up: 0.0 1.0 0.0
Right: -0.300706 0.0 -0.953717
Name:car2_01
Translation: 382.206,1229.98,-4890.03
Dof: -0.85264 0.0 0.522499
Up: 0.0 1.0 0.0
Right: -0.522499 0.0 -0.85264
Name:amopack_43
Translation: -678.85,1326.49,1959.65
Dof: -1.0 0.0 0.0
Up: 0.0 1.0 0.0
Right: 0.0 0.0 -1.0
Name:amopack_42
Translation: -679.618,1326.49,1932.16
Dof: -1.0 0.0 0.0
Up: 0.0 1.0 0.0
Right: 0.0 0.0 -1.0
Name:amopack_11
Translation: 218.992,1237.24,-4911.42
Dof: 1.0 0.0 0.0
Up: 0.0 1.0 0.0
Right: 0.0 0.0 1.0
Name:amopack_10
Translation: -161.688,1263.66,-4577.98
Dof: 1.0 0.0 0.0
Up: 0.0 1.0 0.0
Right: 0.0 0.0 1.0
Name:aagun3_11
Translation: -267.827,1279.7,-4211.58
Dof: 0.584226 0.000232175 -0.811591
Up: 0.0141876 0.999844 -0.010499
Right: 0.811467 -0.0176484 0.584132
Name:Pole2_19
Translation: -182.175,1237.54,-2815.72
Dof: 0.620393 0.0390738 -0.783317
Up: 0.0260317 0.997182 -0.0703593
Right: 0.783859 -0.0640415 0.617628
Name:horuin1_02
Translation: 2046.81,1378.64,-2151.98
Dof: -0.984808 9.92486e-007 -0.173649
Up: 1.04657e-006 1.0 2.19905e-007
Right: 0.173649 -3.983e-007 -0.984808
Name:jacket2_01
Translation: 2072.94,1375.57,-2108.58
Dof: 1.0 0.0 0.0
Up: 0.0 1.0 0.0
Right: 0.0 0.0 1.0
Name:amoclip_01
Translation: 2100.27,1375.57,-2104.81
Dof: 1.0 0.0 0.0
Up: 0.0 1.0 0.0
Right: 0.0 0.0 1.0
Name:Pole1_62
Translation: -70.7019,1238.6,-4226.77
Dof: 0.994522 0.000912171 0.104524
Up: 0.0 0.999962 0.00872653
Right: -0.104528 0.00867873 0.994484
Name:Pole1_63
Translation: -103.741,1244.99,-3628.6
Dof: 0.991445 0.00341678 0.130481
Up: 0.0 0.999657 0.026177
Right: -0.130526 0.025953 0.991105
Name:Pole1_64
Translation: -191.048,1258.14,-3033.34
Dof: 1.0 -0.000988325 -4.74566e-005
Up: 0.000987872 0.994522 -0.104524
Right: -5.61072e-005 -0.104524 0.994522
Name:Pole1_65
Translation: 184.64,1222.66,-2689.11
Dof: 0.104465 0.003648 -0.994522
Up: -0.0348995 0.999391 0.0
Right: 0.993916 0.0347083 0.104529
Name:Pole2_01
Translation: 43.9433,1238.32,-4403.77
Dof: 0.82242 0.139895 0.551412
Up: -0.124553 0.990054 0.0654123
Right: -0.555078 -0.0148837 0.831665
Name:Pole2_02
Translation: -91.7951,1245.46,-3826.15
Dof: 0.998135 0.00213056 0.0610114
Up: 0.0 0.999391 0.0348995
Right: -0.0610485 0.0348344 0.997527
Name:Pole2_03
Translation: -129.887,1250.33,-3431.22
Dof: 0.989016 -0.00128986 0.147804
Up: 0.000756949 0.999993 -0.00366175
Right: -0.147807 -0.00350965 0.98901
Name:Pole2_04
Translation: -376.891,1250.52,-2974.96
Dof: -0.171107 -0.0435727 -0.984289
Up: -0.045372 0.99831 0.0363061
Right: 0.984207 0.0384469 -0.172795
Name:Pole2_05
Translation: -159.421,1250.59,-3232.92
Dof: 0.987688 0.00545948 0.156339
Up: 0.0 0.999391 0.0348995
Right: -0.156434 0.0344698 0.987087
Name:Pole2_07
Translation: -10.5391,1226.92,-2687.13
Dof: -0.00872436 0.000380734 -0.999962
Up: 0.0174514 0.999848 -0.000228432
Right: 0.99981 -0.0174488 -0.00872967
Name:Pole1_09
Translation: 1405.04,1372.59,1068.17
Dof: 0.125498 -0.0869704 0.988274
Up: -0.0632741 0.99342 -0.0954583
Right: -0.990074 -0.074512 0.11917
Name:Pole2_30
Translation: 1206.6,1357.18,1091.87
Dof: 0.179442 -0.0531332 0.982333
Up: -0.132206 0.98818 -0.0775995
Right: -0.974845 -0.143795 0.170296
Name:Pole2_31
Translation: 611.444,1290.92,1128.96
Dof: 0.297812 -0.0670608 0.952266
Up: -0.0030718 0.997457 -0.071204
Right: -0.95462 -0.0241306 0.296849
Name:Pole1_11
Translation: 816.63,1302.95,1137.55
Dof: -0.0406149 -0.0790815 0.99604
Up: -0.0601942 0.995246 -0.076564
Right: -0.99736 -0.0568462 -0.0451821
Name:Pole2_32
Translation: 1012.03,1327.06,1125.65
Dof: 0.0656421 -0.0578122 0.996167
Up: -0.114395 0.991302 -0.0650679
Right: -0.991264 -0.118228 0.0584577
Name:Pole2_33
Translation: 409.476,1286.57,1196.43
Dof: 0.836253 -0.12073 0.534887
Up: 0.100327 0.992682 -0.0672061
Right: -0.539087 -0.0025379 0.842246
Name:Pole2_85
Translation: -91.901,1241.62,-4024.55
Dof: 1.0 0.0 0.0
Up: 0.0 0.999848 0.0174524
Right: 0.0 0.0174524 0.999848
Name:Pole2_87
Translation: 215.717,1225.96,-4522.98
Dof: 0.566937 0.0141829 0.823639
Up: 0.0553073 0.99694 0.0552369
Right: -0.821903 0.076869 0.564418
Name:Pole1_27
Translation: 2575.3,1401.8,-85.8122
Dof: 1.0 0.0 -2.65265e-007
Up: 0.0 0.999962 0.00872656
Right: 2.65275e-007 0.00872656 0.999962
Name:Guardh_07
Translation: 2590.62,1442.25,-66.744
Dof: -1.0 0.0 0.0
Up: 0.0 1.0 0.0
Right: 0.0 0.0 -1.0
Name:ghouse_01
Translation: 2610.81,1443.08,35.2473
Dof: 2.78168e-006 -1.9372e-006 -1.0
Up: 1.28773e-005 1.0 1.93717e-006
Right: 1.0 -1.28773e-005 2.7817e-006
Name:House2_02
Translation: 312.677,1246.48,-4823.1
Dof: 0.551937 0.0 0.833886
Up: 0.0 1.0 0.0
Right: -0.833886 0.0 0.551937
Name:House_01
Translation: 177.562,1254.45,-4701.93
Dof: -0.833886 0.0 0.551937
Up: 0.0 1.0 0.0
Right: -0.551937 0.0 -0.833886
Name:House2_01
Translation: -91.2258,1269.37,-4535.52
Dof: 0.838671 0.0 -0.544639
Up: 0.0 1.0 0.0
Right: 0.544639 0.0 0.838671
Name:House_03
Translation: 2281.91,1074.12,-4974.53
Dof: -0.984808 0.0 -0.173648
Up: 0.0 1.0 0.0
Right: 0.173648 0.0 -0.984808
Name:House_02
Translation: 3704.91,947.375,-5605.75
Dof: 1.0 0.0 0.0
Up: 0.0 1.0 0.0
Right: 0.0 0.0 1.0
Dele:House_05
Translation: -8.77854,1328.27,2256.3
Dof: 1.0 0.0 0.0
Up: 0.0 1.0 0.0
Right: 0.0 0.0 1.0
Name:Guardh_05
Translation: 308.827,1328.62,1269.49
Dof: -1.0 0.0 0.0
Up: 0.0 1.0 0.0
Right: 0.0 0.0 -1.0
Name:Guardh_06
Translation: 151.401,1328.62,1288.04
Dof: 1.0 0.0 0.0
Up: 0.0 1.0 0.0
Right: 0.0 0.0 1.0
Name:rockets_18
Translation: -1962.85,985.386,4620.41
Dof: 0.939124 0.0 -0.343578
Up: 0.0 1.0 0.0
Right: 0.343578 0.0 0.939124
Name:jacket1_02
Translation: -1880.61,991.631,4623.14
Dof: 0.939124 0.0 -0.343578
Up: 0.0 1.0 0.0
Right: 0.343578 0.0 0.939124
Name:Pines1_63
Translation: -488.245,1039.0,-4758.11
Dof: 0.936672 0.0 -0.350207
Up: 0.0 1.0 0.0
Right: 0.350207 0.0 0.936672
Name:Pines1_64
Translation: -245.215,1039.0,-4822.08
Dof: 0.948324 0.0 0.317305
Up: 0.0 1.0 0.0
Right: -0.317305 0.0 0.948324
Name:Pines1_65
Translation: -368.528,1039.0,-4849.06
Dof: 0.976296 0.0 0.21644
Up: 0.0 1.0 0.0
Right: -0.21644 0.0 0.976296
Name:Pines1_66
Translation: -680.433,1039.0,-4717.27
Dof: -0.275637 0.0 0.961262
Up: 0.0 1.0 0.0
Right: -0.961262 0.0 -0.275637
Name:Pines1_67
Translation: -619.514,1039.0,-4966.95
Dof: 0.942641 0.0 0.333807
Up: 0.0 1.0 0.0
Right: -0.333807 0.0 0.942641
Name:Pines1_68
Translation: -882.755,1039.0,-4807.31
Dof: -0.113203 0.0 -0.993572
Up: 0.0 1.0 0.0
Right: 0.993572 0.0 -0.113203
Name:Pines1_69
Translation: -1861.31,1039.0,-5348.41
Dof: 0.965926 0.0 0.258819
Up: 0.0 1.0 0.0
Right: -0.258819 0.0 0.965926
Name:Pines1_70
Translation: -2125.6,1039.0,-5370.8
Dof: 0.866025 0.0 -0.5
Up: 0.0 1.0 0.0
Right: 0.5 0.0 0.866025
Name:Pines1_71
Translation: -2574.9,1039.0,-5525.79
Dof: 1.0 0.0 0.0
Up: 0.0 1.0 0.0
Right: 0.0 0.0 1.0
Name:Pines1_72
Translation: -3017.6,1039.0,-5853.17
Dof: 0.798636 0.0 -0.601815
Up: 0.0 1.0 0.0
Right: 0.601815 0.0 0.798636
Name:Pines1_73
Translation: -2837.08,1039.0,-5696.51
Dof: 0.979925 0.0 0.199368
Up: 0.0 1.0 0.0
Right: -0.199368 0.0 0.979925
Name:Pines1_74
Translation: -2438.27,1039.0,-5544.14
Dof: 0.62932 0.0 -0.777146
Up: 0.0 1.0 0.0
Right: 0.777146 0.0 0.62932
Name:Pines1_75
Translation: -2544.49,1039.0,-5689.96
Dof: 0.976296 0.0 0.21644
Up: 0.0 1.0 0.0
Right: -0.21644 0.0 0.976296
Name:Pines1_76
Translation: -2777.74,1039.0,-5526.7
Dof: 0.819152 0.0 -0.573576
Up: 0.0 1.0 0.0
Right: 0.573576 0.0 0.819152
Name:Pines1_77
Translation: -3088.45,1039.0,-5507.81
Dof: 0.942641 0.0 0.333807
Up: 0.0 1.0 0.0
Right: -0.333807 0.0 0.942641
Name:Pines1_78
Translation: -2721.91,1039.0,-5738.44
Dof: 0.942641 0.0 0.333807
Up: 0.0 1.0 0.0
Right: -0.333807 0.0 0.942641
Name:horuin1_01
Translation: -1909.43,999.167,4586.6
Dof: 0.996335 0.0855347 4.29885e-005
Up: -0.0851043 0.991272 -0.100685
Right: 0.00856946 -0.10032 0.994918
Name:hpacklg_09
Translation: -1915.02,992.051,4602.69
Dof: 0.932493 0.112441 -0.343241
Up: -0.103523 0.993642 -0.044259
Right: 0.346035 -0.00573773 0.938204
Name:ddoor
Translation: 1636.14,1315.11,2104.44
Dof: 0.0 0.0 1.0
Up: 0.0 1.0 0.0
Right: -1.0 0.0 0.0
Name:Guardh_01
Translation: -3047.04,1296.56,-1255.88
Dof: 1.0 0.0 0.0
Up: 0.0 1.0 0.0
Right: 0.0 0.0 1.0
Name:Guardh_02
Translation: -211.258,1328.51,1872.12
Dof: 0.0 0.0 1.0
Up: 0.0 1.0 0.0
Right: -1.0 0.0 0.0
Name:wtower_01
Translation: -5309.58,784.071,5719.56
Dof: 1.0 0.0 0.0
Up: 0.0 1.0 0.0
Right: 0.0 0.0 1.0
Name:wtower_04
Translation: -4226.4,783.884,5724.58
Dof: 1.0 0.0 0.0
Up: 0.0 1.0 0.0
Right: 0.0 0.0 1.0
Name:Pstation_01
Translation: -3615.45,1148.34,224.377
Dof: 1.68587e-007 1.73687e-007 1.0
Up: 0.0 1.0 1.73687e-007
Right: -1.0 0.0 1.68587e-007
Name:wtower_05
Translation: -4593.93,728.454,7257.77
Dof: 1.0 0.0 0.0
Up: 0.0 1.0 0.0
Right: 0.0 0.0 1.0
Name:wtower_08
Translation: 1054.91,1332.87,1565.34
Dof: 0.999962 0.0 0.00872652
Up: 0.0 1.0 0.0
Right: -0.00872652 0.0 0.999962
Name:Barrack_02
Translation: -5073.03,775.35,6570.37
Dof: 0.0 0.0 -1.0
Up: 0.0 1.0 0.0
Right: 1.0 0.0 0.0
Dele:Barrack_03
Translation: 633.175,1328.02,1704.84
Dof: 0.0 0.0 1.0
Up: 0.0 1.0 0.0
Right: -1.0 0.0 0.0
Name:Barrack_04
Translation: 1488.54,1328.01,1704.14
Dof: 0.0 0.0 -1.0
Up: 0.0 1.0 0.0
Right: 1.0 0.0 0.0
Name:hpacklg_20
Translation: -3648.39,1137.69,169.016
Dof: 0.130691 -1.94745e-005 -0.991423
Up: 2.62331e-006 1.0 1.92972e-005
Right: 0.991423 0.0 0.130691
Name:wtower_09
Translation: 1812.39,1328.16,2310.69
Dof: -0.00872651 0.0 0.999962
Up: 0.0 1.0 0.0
Right: -0.999962 0.0 -0.00872651
Name:wtower_10
Translation: -175.69,1327.58,2063.54
Dof: -0.00872651 0.0 0.999962
Up: 0.0 1.0 0.0
Right: -0.999962 0.0 -0.00872651
Name:Pstation_02
Translation: -604.152,1327.84,2203.17
Dof: 1.0 0.0 0.0
Up: 0.0 1.0 0.0
Right: 0.0 0.0 1.0
Name:wtower_11
Translation: -174.07,1327.58,1837.58
Dof: -0.00872651 0.0 0.999962
Up: 0.0 1.0 0.0
Right: -0.999962 0.0 -0.00872651
Name:Pole1_13
Translation: 585.453,1224.37,-2358.47
Dof: 0.770567 0.0403837 -0.636078
Up: -0.052336 0.99863 0.0
Right: 0.635206 0.0332898 0.771625
Name:Pole1_15
Translation: 1121.81,1257.78,-2120.3
Dof: 0.00869326 0.000760559 -0.999962
Up: -0.0871557 0.996195 0.0
Right: 0.996157 0.0871524 0.00872647
Name:Pole1_17
Translation: 1720.2,1307.44,-2106.13
Dof: 0.0695865 0.00486596 -0.997564
Up: -0.0697565 0.997564 0.0
Right: 0.995134 0.0695865 0.0697564
Name:Pole1_22
Translation: 2288.4,1337.29,-1979.24
Dof: 0.601723 0.0105031 -0.798636
Up: -0.0174524 0.999848 0.0
Right: 0.798514 0.0139381 0.601815
Name:Pole1_24
Translation: 2570.66,1341.14,-1501.66
Dof: 1.0 0.0 -2.65234e-007
Up: 0.0 0.999848 0.0174524
Right: 2.65275e-007 0.0174524 0.999848
Name:Pole2_06
Translation: 370.138,1223.4,-2672.96
Dof: 0.649448 0.0 -0.760406
Up: 0.0 1.0 0.0
Right: 0.760406 0.0 0.649448
Name:Pole2_08
Translation: 515.292,1223.53,-2554.01
Dof: 0.942318 0.0246755 -0.333807
Up: -0.0261769 0.999657 0.0
Right: 0.333693 0.00873805 0.942641
Name:Pole2_09
Translation: 725.646,1223.61,-2195.68
Dof: 0.232166 0.0244017 -0.97237
Up: -0.104528 0.994522 0.0
Right: 0.967043 0.10164 0.233445
Name:Pole2_10
Translation: 922.136,1243.92,-2148.51
Dof: 0.138834 0.00970821 -0.990268
Up: -0.0697565 0.997564 0.0
Right: 0.987856 0.0690776 0.139173
Name:Pole2_11
Translation: 1322.3,1274.84,-2118.47
Dof: 0.00869951 0.000684667 -0.999962
Up: -0.0784591 0.996917 0.0
Right: 0.996879 0.0784561 0.00872641
Name:Pole2_12
Translation: 1521.58,1291.58,-2116.68
Dof: 0.0521745 0.00410623 -0.99863
Up: -0.0784591 0.996917 0.0
Right: 0.995551 0.0783516 0.0523359
Name:Pole2_13
Translation: 1916.77,1321.59,-2092.89
Dof: 0.207912 0.0 -0.978148
Up: 0.0 1.0 0.0
Right: 0.978148 0.0 0.207912
Name:Pole2_14
Translation: 2108.73,1321.59,-2052.42
Dof: 0.381504 0.030025 -0.92388
Up: -0.0784591 0.996917 0.0
Right: 0.921032 0.0724868 0.382683
Name:Pole2_15
Translation: 2440.5,1340.7,-1869.58
Dof: 0.930417 0.0 -0.366501
Up: 0.0 1.0 0.0
Right: 0.366501 0.0 0.930417
Name:Pole2_16
Translation: 2513.15,1340.7,-1685.37
Dof: 0.956305 0.0 -0.292372
Up: 0.0 1.0 0.0
Right: 0.292372 0.0 0.956305
Name:Pole2_17
Translation: 2570.95,1344.54,-1301.38
Dof: 1.0 0.0 -1.85714e-007
Up: 0.0 0.999848 0.0174524
Right: 1.85743e-007 0.0174524 0.999848
Name:Pole2_18
Translation: 2570.96,1348.61,-1101.11
Dof: 1.0 0.0 -1.84549e-007
Up: 0.0 0.994697 0.102846
Right: 1.85733e-007 0.102846 0.994697
Name:Pole2_20
Translation: -578.806,1255.69,-2959.4
Dof: -0.0778895 -0.049358 -0.995739
Up: 0.0269292 0.998305 0.0515917
Right: 0.996598 -0.0308329 -0.0764284
Name:Pole2_22
Translation: 2576.94,1415.01,312.473
Dof: 0.99962 0.00844306 0.0262447
Up: -0.00659044 0.997533 0.0698922
Right: -0.02677 0.0696927 0.997209
Name:Pole2_23
Translation: 2575.25,1402.81,113.883
Dof: 0.999956 -0.00349881 -0.00868741
Up: 0.00296103 0.998123 0.0611627
Right: 0.00888511 0.0611342 0.99809
Name:Pole1_03
Translation: 2570.86,1385.17,-702.073
Dof: 1.0 0.0 -2.64911e-007
Up: 0.0 0.999902 0.0139949
Right: 2.6508e-007 0.0139949 0.999902
Name:Pole2_25
Translation: 2561.37,1441.88,709.843
Dof: 0.992502 0.00524833 0.122112
Up: 0.000138773 0.999029 0.0440657
Right: -0.122225 0.0437522 0.991538
Name:Pole2_26
Translation: 2537.82,1451.41,904.029
Dof: 0.948264 -0.0128453 0.317224
Up: 0.0132199 0.999912 -0.000971541
Right: -0.317208 0.00327239 0.94835
Name:Pole1_05
Translation: 2571.69,1429.72,511.682
Dof: 0.99863 0.000456695 0.0523337
Up: 0.00273905 0.998135 0.0609768
Right: -0.052264 0.0610366 0.996766
Name:Pole1_06
Translation: 2485.87,1452.79,1080.34
Dof: 0.522488 0.0104537 0.852583
Up: 0.000487848 0.999921 0.0125592
Right: -0.852646 0.00697798 0.522442
Name:Pole2_24
Translation: 2165.97,1458.08,1290.78
Dof: -0.378635 -0.0571255 0.923782
Up: -0.115067 0.993255 -0.0142587
Right: -0.918366 -0.100898 -0.382654
Name:Pole2_27
Translation: 2314.99,1455.99,1185.41
Dof: 0.529925 -0.0128453 0.847948
Up: 0.00958282 0.999912 -0.00915855
Right: -0.847991 0.00327239 0.530001
Name:Pole1_08
Translation: 1985.94,1436.57,1215.24
Dof: -0.462219 -0.0836555 0.882811
Up: -0.127868 0.991424 -0.0269991
Right: -0.877498 -0.100404 -0.468952
Name:Pole2_28
Translation: 1606.44,1395.99,1076.81
Dof: -0.0388453 -0.0578123 0.997571
Up: -0.12057 0.991302 -0.052754
Right: -0.991945 -0.118228 -0.0454778
Name:Pole2_29
Translation: 1804.59,1416.66,1118.93
Dof: -0.203949 -0.0571255 0.977314
Up: -0.110542 0.993255 -0.0349892
Right: -0.972721 -0.100898 -0.208888
Name:Pole1_12
Translation: 298.386,1285.76,1378.66
Dof: 0.999977 0.00659531 0.00171868
Up: -0.00660382 0.999966 -0.00499431
Right: -0.00168569 -0.00500554 0.999986
Name:Pole2_34
Translation: 298.143,1285.26,1578.53
Dof: 0.999977 -0.000615977 0.0068042
Up: 0.000544918 0.999945 -0.0104403
Right: -0.00681026 -0.0104363 0.999922
Name:Pole2_35
Translation: 311.205,1283.95,1758.04
Dof: 0.44649 -0.121109 0.886555
Up: 0.0736403 0.99241 -0.0984821
Right: -0.891753 0.0213149 0.45202
Name:Pole1_14
Translation: 143.179,1285.76,1844.83
Dof: 0.00699145 0.00606257 0.999957
Up: -0.00504932 0.999969 0.00602734
Right: -0.999963 -0.00500697 0.00702185
Name:Pole2_36
Translation: -52.3676,1285.43,1846.28
Dof: -0.0143327 -0.000270718 0.999897
Up: 0.00359934 0.999993 -0.000322338
Right: -0.999891 0.00360359 -0.0143316
Name:Pole1_16
Translation: 509.645,1285.76,1851.84
Dof: -0.455867 -0.109749 0.883255
Up: -0.0558364 0.99394 -0.0946836
Right: -0.888295 -0.00615463 -0.459233
Name:Pole2_37
Translation: 899.827,1285.43,1846.34
Dof: 0.00311741 -0.000575311 0.999995
Up: 0.00360708 0.999993 -0.000564066
Right: -0.999989 0.0036053 0.00311946
Name:Pole1_18
Translation: 1100.02,1285.49,1845.69
Dof: 0.00244251 0.00338784 0.999991
Up: -0.00487245 0.999982 0.0033759
Right: -0.999985 -0.00486416 0.00245897
Name:Pole2_38
Translation: 1299.88,1285.47,1845.05
Dof: 0.00312238 -0.000548085 0.999995
Up: -0.00511954 0.999987 -0.000564066
Right: -0.999982 -0.00512127 0.00311954
Name:Pole2_39
Translation: -268.496,1285.43,1866.92
Dof: 0.999506 -0.000520828 0.0314314
Up: 0.000465004 0.999998 -0.00178334
Right: -0.0314323 -0.00176785 0.999504
Name:Pole1_19
Translation: -465.003,1285.76,2057.69
Dof: 0.593416 0.00606257 0.804873
Up: -0.00762776 0.999969 0.0019083
Right: -0.80486 -0.00500696 0.593444
Name:Pole2_40
Translation: -250.041,1285.43,2056.08
Dof: -0.0143259 -0.000520817 0.999897
Up: -0.000261778 1.0 -0.00051712
Right: -0.999897 -0.000254343 -0.014326
Name:Pole2_41
Translation: 699.724,1285.43,1846.97
Dof: 0.00312701 -0.000520817 0.999995
Up: -0.0138458 0.999904 -0.000564066
Right: -0.999899 -0.0138475 0.0031195
Name:Pole2_42
Translation: 1499.97,1283.72,1844.42
Dof: 0.00311234 -0.000602495 0.999995
Up: 0.0123334 0.999924 -0.000564066
Right: -0.999919 0.0123316 0.00311953
Name:Pole1_20
Translation: 1699.78,1285.49,1843.87
Dof: 0.00238319 0.00342995 0.999991
Up: -0.0069644 0.99997 0.00341328
Right: -0.999973 -0.0069562 0.00240701
Name:Pole1_76
Translation: -3543.48,1099.53,426.885
Dof: -0.97029 0.00338784 0.241921
Up: 0.00201843 0.999981 0.00590814
Right: -0.241937 -0.0052443 -0.970278
Name:Pole2_43
Translation: -3621.06,1098.49,627.004
Dof: -0.925066 0.00369816 -0.379788
Up: -0.000838021 0.99993 -0.011778
Right: 0.379805 0.0112137 -0.924999
Name:Pole2_44
Translation: -3720.36,1141.07,796.056
Dof: -0.871886 -0.109807 -0.47724
Up: 0.00182852 0.9738 0.2274
Right: 0.489706 -0.199139 -0.848841
Name:Pole2_45
Translation: -3818.44,1144.15,972.78
Dof: -0.871886 -0.025267 -0.489057
Up: -0.010993 0.999426 0.0320368
Right: 0.489586 -0.0225562 -0.871663
Name:Pole2_48
Translation: -4028.23,1068.23,1511.07
Dof: -0.992328 0.0610311 -0.107519
Up: 0.0400286 0.981421 -0.187647
Right: 0.116974 0.181903 -0.976334
Name:Pole2_49
Translation: -4001.32,1023.71,1697.14
Dof: -0.989979 -0.0243219 0.139105
Up: 0.0101667 0.970225 -0.241993
Right: -0.140849 0.240982 -0.960255
Name:Pole2_50
Translation: -3973.26,974.083,1889.92
Dof: -0.986587 0.0544565 0.153884
Up: 0.089489 0.968859 -0.230876
Right: -0.136519 0.24155 -0.960737
Name:Pole2_51
Translation: -3962.27,934.185,2087.3
Dof: -0.996439 0.0476923 0.0695322
Up: 0.0610102 0.977034 -0.204163
Right: -0.0581983 0.207679 -0.976464
Name:Pole2_53
Translation: -3967.78,910.739,2287.08
Dof: -0.998064 0.058466 -0.0212286
Up: 0.0556701 0.991874 -0.114402
Right: 0.0277447 0.112999 -0.993208
Name:Pole1_77
Translation: -4064.86,884.064,2473.71
Dof: -0.884087 0.0724236 -0.461677
Up: 0.00526822 0.9894 -0.145119
Right: 0.467294 0.125866 -0.875097
Name:Pole2_54
Translation: -4108.82,870.672,2661.35
Dof: -0.972398 -0.0296204 -0.231439
Up: -0.0463622 0.996659 -0.067236
Right: 0.228674 0.0761102 -0.970523
Name:Pole2_55
Translation: -4127.84,841.043,2856.53
Dof: -0.994981 0.0205334 -0.0979358
Up: 0.00643443 0.989823 -0.142158
Right: 0.0998581 0.140814 -0.984987
Name:Pole2_56
Translation: -4153.19,826.803,3253.72
Dof: -0.99703 -0.0690389 -0.0341308
Up: -0.0694651 0.997519 -0.0114598
Right: 0.033255 0.0137966 -0.999352
Name:Pole1_79
Translation: -4316.35,759.139,4033.58
Dof: -0.949265 0.0988594 -0.298535
Up: 0.0492514 0.984325 -0.16935
Right: 0.310598 0.146055 -0.939253
Name:Pole2_57
Translation: -4255.89,790.982,3847.53
Dof: -0.961716 -0.019021 -0.273388
Up: -0.0673475 0.983399 -0.168493
Right: 0.265645 0.180454 -0.947032
Name:Pole1_78
Translation: -4145.8,827.141,3055.81
Dof: -0.995894 0.0149074 -0.0892854
Up: 0.00853802 0.997418 -0.0712989
Right: 0.0901178 0.0702438 -0.993451
Name:wtower_12
Translation: 1767.41,1331.23,1580.58
Dof: 0.00872651 0.0 -0.999962
Up: 0.0 1.0 0.0
Right: 0.999962 0.0 0.00872651
Name:Pole2_58
Translation: -4174.37,828.138,3454.17
Dof: -0.99222 -0.0708364 -0.102376
Up: -0.0700952 0.997482 0.0108239
Right: 0.102885 -0.00356357 -0.994687
Name:Pole2_59
Translation: -4202.02,829.03,3652.85
Dof: -0.988043 -0.0708364 -0.136942
Up: -0.0696748 0.997482 0.0132636
Right: 0.137537 -0.00356357 -0.99049
Name:Pole2_60
Translation: -4400.83,749.899,4215.74
Dof: -0.906657 -0.0787489 -0.414453
Up: -0.0990683 0.994694 -0.0277229
Right: 0.410071 0.0661943 -0.909648
Name:Pole2_61
Translation: -4483.04,739.141,4398.29
Dof: -0.903796 -0.112538 -0.412903
Up: -0.12678 0.991905 -0.007158
Right: 0.408755 0.058817 -0.910747
Name:Pole1_28
Translation: -4843.46,732.62,5109.96
Dof: -0.919642 -0.0314419 -0.391498
Up: -0.0311111 0.99949 0.00718969
Right: 0.391525 0.00556802 -0.920151
Name:Pole2_62
Translation: -4675.95,735.098,4750.86
Dof: -0.872282 -0.0899154 -0.480665
Up: -0.0891924 0.995715 0.024402
Right: 0.4808 0.0215863 -0.876564
Name:Pole2_63
Translation: -4767.22,735.497,4927.92
Dof: -0.884565 -0.101865 -0.455157
Up: -0.0898006 0.994797 0.0481161
Right: 0.45769 -0.0016885 -0.88911
Name:Pole1_80
Translation: -4578.85,738.705,4575.14
Dof: -0.877369 -0.0485134 -0.477357
Up: -0.0423279 0.998822 0.0237121
Right: 0.477945 -0.000598731 -0.878389
Name:Pole2_64
Translation: -4890.13,730.251,5299.64
Dof: -0.966379 -0.0977292 -0.237825
Up: -0.0985519 0.995096 0.00845757
Right: 0.237485 0.0152648 -0.971271
Name:Pole2_65
Translation: -4892.68,730.251,5894.59
Dof: -0.99511 -0.0979646 -0.0126334
Up: -0.0979285 0.995188 0.00344039
Right: 0.0129097 -0.0021864 -0.999914
Name:Pole1_30
Translation: -4889.2,727.882,5694.08
Dof: -0.999476 -0.0314419 0.00767882
Up: -0.0313977 0.99949 -0.00581216
Right: -0.00785765 0.00556801 -0.999954
Name:Pole2_66
Translation: -4891.72,730.251,5494.35
Dof: -0.99511 -0.0979646 -0.0126334
Up: -0.0979285 0.995188 0.00344039
Right: 0.0129097 -0.0021864 -0.999914
Name:Pole2_67
Translation: -4880.5,765.098,6087.44
Dof: -0.993033 -0.0892542 0.0769316
Up: -0.101048 0.980878 0.166334
Right: -0.0606146 -0.172949 -0.983064
Name:rockets_07
Translation: 13.4905,1327.56,2242.66
Dof: 1.0 0.0 0.0
Up: 0.0 1.0 0.0
Right: 0.0 0.0 1.0
Name:rockets_17
Translation: 29.3247,1327.5,2242.97
Dof: 0.99863 0.0 0.052336
Up: 0.0 1.0 0.0
Right: -0.052336 0.0 0.99863
Name:House_06
Translation: -4279.09,771.912,6973.56
Dof: 0.999962 0.0 0.00872642
Up: 0.0 1.0 0.0
Right: -0.00872642 0.0 0.999962
Name:Box_GRA
Translation: -4743.57,772.409,5539.9
Dof: 0.999657 0.0 0.0261769
Up: 0.0 1.0 0.0
Right: -0.0261769 0.0 0.999657
Name:hpacklg_08
Translation: -4758.4,773.227,5992.36
Dof: 0.997564 0.0 -0.0697565
Up: 0.0 1.0 0.0
Right: 0.0697565 0.0 0.997564
Name:rockets_12
Translation: -4742.07,773.227,5991.32
Dof: 0.999391 0.0 -0.0348995
Up: 0.0 1.0 0.0
Right: 0.0348995 0.0 0.999391
Name:Box_BAP
Translation: -4743.92,772.419,5524.99
Dof: 0.997564 0.0 0.0697565
Up: 0.0 1.0 0.0
Right: -0.0697565 0.0 0.997564
Name:wtower_13
Translation: 1922.35,1325.5,3167.78
Dof: 1.0 0.0 0.0
Up: 0.0 1.0 0.0
Right: 0.0 0.0 1.0
Name:Pole2_68
Translation: -426.52,1285.43,2278.42
Dof: -0.999995 -0.000575312 0.00311745
Up: -0.000564066 0.999993 -0.00360708
Right: -0.0031195 0.0036053 -0.999989
Name:Pole2_69
Translation: -523.091,1285.43,2466.79
Dof: -0.884407 -0.000575312 -0.466717
Up: -0.00219146 0.999993 -0.00292005
Right: 0.466712 0.0036053 -0.884402
Name:Pole2_70
Translation: -745.067,1285.43,2479.7
Dof: -0.00311749 -0.000575312 -0.999995
Up: -0.00360708 0.999993 0.000564066
Right: 0.999989 0.0036053 -0.00311955
Name:Pole2_71
Translation: -945.534,1285.43,2480.56
Dof: -0.00311749 -0.000575312 -0.999995
Up: -0.00360708 0.999993 0.000564066
Right: 0.999989 0.0036053 -0.00311955
Name:Pole2_72
Translation: -971.35,1285.43,2657.11
Dof: -0.968923 -0.000575312 -0.24736
Up: -0.00144924 0.999993 -0.00335095
Right: 0.247357 0.0036053 -0.968918
Name:Pole2_73
Translation: -970.193,1285.43,2851.62
Dof: -0.999995 -0.000575312 0.00311755
Up: -0.000564065 0.999993 -0.00360708
Right: -0.00311961 0.0036053 -0.999989
Name:Pole2_74
Translation: -969.56,1285.43,3051.84
Dof: -0.999995 -0.000575312 0.00311755
Up: -0.000564065 0.999993 -0.00360708
Right: -0.00311961 0.0036053 -0.999989
Name:Pole1_31
Translation: -957.511,1285.76,3250.05
Dof: -0.998221 0.00606257 0.0593156
Up: 0.00575481 0.999969 0.00535784
Right: -0.0593463 -0.00500696 -0.998225
Name:Pole2_75
Translation: -763.962,1285.43,3225.51
Dof: 0.00311758 -0.000575312 0.999995
Up: 0.00360708 0.999993 -0.000564065
Right: -0.999989 0.0036053 0.00311963
Name:Pole2_76
Translation: -564.246,1285.43,3225.07
Dof: 0.00311758 -0.000575312 0.999995
Up: 0.00360708 0.999993 -0.000564065
Right: -0.999989 0.0036053 0.00311963
Name:Pole1_32
Translation: -364.17,1285.76,3225.42
Dof: -0.00173492 0.00606257 0.99998
Up: -0.00499653 0.999969 0.00607117
Right: -0.999986 -0.00500696 -0.00170457
Name:Pole2_77
Translation: -164.098,1285.43,3224.92
Dof: 0.00311758 -0.000575312 0.999995
Up: 0.00360708 0.999993 -0.000564065
Right: -0.999989 0.0036053 0.00311963
Name:Pole2_78
Translation: 36.0239,1285.43,3224.32
Dof: 0.00311758 -0.000575312 0.999995
Up: 0.00360708 0.999993 -0.000564065
Right: -0.999989 0.0036053 0.00311963
Name:Pole1_33
Translation: 236.297,1285.76,3225.48
Dof: -0.00173492 0.00606257 0.99998
Up: -0.00499653 0.999969 0.00607117
Right: -0.999986 -0.00500696 -0.00170457
Name:Pole2_79
Translation: 636.638,1285.43,3224.26
Dof: 0.00311758 -0.000575312 0.999995
Up: 0.00360708 0.999993 -0.000564065
Right: -0.999989 0.0036053 0.00311963
Name:Pole1_34
Translation: 836.911,1285.76,3225.42
Dof: -0.00173492 0.00606257 0.99998
Up: -0.00499653 0.999969 0.00607117
Right: -0.999986 -0.00500696 -0.00170457
Name:Pole2_80
Translation: 436.516,1285.43,3224.86
Dof: 0.00311758 -0.000575312 0.999995
Up: 0.00360708 0.999993 -0.000564065
Right: -0.999989 0.0036053 0.00311963
Name:Pole2_81
Translation: 1237.21,1285.43,3224.31
Dof: 0.00311758 -0.000575312 0.999995
Up: 0.00360708 0.999993 -0.000564065
Right: -0.999989 0.0036053 0.00311963
Name:Pole1_35
Translation: 1437.48,1285.76,3225.47
Dof: -0.00173492 0.00606257 0.99998
Up: -0.00499653 0.999969 0.00607117
Right: -0.999986 -0.00500696 -0.00170457
Name:Pole2_82
Translation: 1037.09,1285.43,3224.9
Dof: 0.00311758 -0.000575312 0.999995
Up: 0.00360708 0.999993 -0.000564065
Right: -0.999989 0.0036053 0.00311963
Name:Pole2_83
Translation: 1837.83,1285.43,3224.36
Dof: 0.00311758 -0.000575312 0.999995
Up: 0.00360708 0.999993 -0.000564065
Right: -0.999989 0.0036053 0.00311963
Name:Pole2_84
Translation: 1637.71,1285.43,3224.96
Dof: 0.00311758 -0.000575312 0.999995
Up: 0.00360708 0.999993 -0.000564065
Right: -0.999989 0.0036053 0.00311963
Name:Guardh_03
Translation: 4584.94,926.657,-5298.84
Dof: 0.366501 0.0 -0.930418
Up: 0.0 1.0 0.0
Right: 0.930418 0.0 0.366501
Name:Pole2_86
Translation: 300.51,1231.43,-4783.82
Dof: 0.926045 0.105218 -0.362449
Up: -0.0567805 0.988263 -0.141819
Right: 0.373117 -0.110751 0.921151
Name:Pole1_61
Translation: 392.694,1211.48,-4620.78
Dof: 0.484862 0.0570332 0.872729
Up: 0.028588 0.996305 0.0809916
Right: -0.874123 0.0642193 0.48144
Name:bridge_01
Translation: -3020.95,1315.68,-1002.85
Dof: 0.0 -0.0017237 0.999999
Up: 0.0 0.999999 -0.0017237
Right: -1.0 0.0 0.0
Name:bridger_02
Translation: 4852.32,941.456,-5288.08
Dof: -0.984808 0.0 -0.173648
Up: 0.0 1.0 0.0
Right: 0.173648 0.0 -0.984808
Name:Pole2_88
Translation: -974.23,1283.61,-2963.87
Dof: -0.084025 -0.555212 -0.827454
Up: -0.00507635 0.830618 0.556819
Right: 0.996451 -0.0425863 -0.0726111
Name:Guardh_04
Translation: -193.081,1328.51,2027.46
Dof: 1.68587e-007 0.0 -1.0
Up: 0.0 1.0 0.0
Right: 1.0 0.0 1.68587e-007
Name:wtower_15
Translation: -5309.86,784.071,6715.5
Dof: 1.0 0.0 0.0
Up: 0.0 1.0 0.0
Right: 0.0 0.0 1.0
Name:Pole2_89
Translation: -4326.12,727.828,6668.07
Dof: -0.999995 -0.000575312 0.00311766
Up: -0.000564065 0.999993 -0.00360708
Right: -0.00311972 0.0036053 -0.999989
Name:Pole2_90
Translation: -4429.2,727.828,6853.37
Dof: -0.86758 -0.000575312 -0.497297
Up: -0.00229203 0.999993 -0.00284179
Right: 0.497292 0.0036053 -0.867575
Name:Pole2_91
Translation: -4325.48,727.828,6267.62
Dof: -0.999995 -0.000575312 0.00311766
Up: -0.000564065 0.999993 -0.00360708
Right: -0.00311972 0.0036053 -0.999989
Name:Pole2_92
Translation: -4326.08,727.828,6067.5
Dof: -0.999995 -0.000575312 0.00311766
Up: -0.000564065 0.999993 -0.00360708
Right: -0.00311972 0.0036053 -0.999989
Name:Pole1_38
Translation: -4326.64,728.158,6467.89
Dof: -0.99998 0.00606257 -0.00173483
Up: 0.00607117 0.999969 0.00499653
Right: 0.00170449 -0.00500696 -0.999986
Name:Pole2_93
Translation: -4767.38,730.15,5848.19
Dof: 0.706491 -0.062658 0.704943
Up: 0.139027 0.988952 0.0514304
Right: -0.693932 0.134341 0.707397
Name:Pole1_39
Translation: -4349.9,728.158,5842.53
Dof: -0.00173492 0.00606257 0.99998
Up: -0.00499653 0.999969 0.00607117
Right: -0.999986 -0.00500696 -0.00170457
Name:Pole2_94
Translation: -4550.17,727.828,5841.37
Dof: 0.00311765 -0.000575311 0.999995
Up: 0.00872672 0.999962 -0.000548086
Right: -0.999957 0.00872496 0.00312255
Name:Pines1_01
Translation: 1262.86,1336.87,-2241.13
Dof: 1.05164 -0.0799917 -0.275221
Up: 0.0328675 1.07344 0.186401
Right: 0.284719 0.171543 1.03808
Name:Pines1_02
Translation: 2679.5,1392.43,-1633.42
Dof: -0.618306 -0.157612 -0.883717
Up: -0.186401 1.07222 0.060814
Right: 0.878096 0.116628 -0.635174
Name:Pines1_03
Translation: -316.462,1276.59,-2619.96
Dof: -0.609219 0.0269942 -0.903451
Up: 0.0016251 1.08954 -0.0314586
Right: 0.903853 0.0162358 -0.609005
Name:Pole2_95
Translation: 2570.96,1370.14,-901.146
Dof: 1.0 0.0 -1.84549e-007
Up: 0.0 0.997183 0.0750114
Right: 1.85606e-007 0.0750114 0.997183
Name:Pole1_40
Translation: -5251.16,728.158,6864.17
Dof: 0.00173475 0.00606257 -0.99998
Up: 0.00499653 0.999969 -0.00607117
Right: 0.999986 -0.00500696 0.0017044
Name:Pole2_96
Translation: -5050.88,727.828,6865.33
Dof: -0.00311775 -0.000575312 -0.999995
Up: -0.00360708 0.999993 0.000564065
Right: 0.999989 0.0036053 -0.0031198
Name:Pole2_97
Translation: -4850.76,727.828,6864.74
Dof: -0.00311775 -0.000575312 -0.999995
Up: -0.00360708 0.999993 0.000564065
Right: 0.999989 0.0036053 -0.0031198
Name:Pole1_41
Translation: -4650.59,728.158,6864.22
Dof: 0.00173475 0.00606257 -0.99998
Up: 0.00499653 0.999969 -0.00607117
Right: 0.999986 -0.00500696 0.0017044
Name:rockets_26
Translation: -4688.99,712.963,6932.17
Dof: 0.998135 0.0 -0.0610485
Up: 0.0 1.0 0.0
Right: 0.0610485 0.0 0.998135
Name:amopack_19
Translation: -5027.98,712.221,7249.74
Dof: 0.998135 0.0 -0.0610485
Up: 0.0 1.0 0.0
Right: 0.0610485 0.0 0.998135
Name:rockets_27
Translation: -4668.66,712.963,6932.05
Dof: 0.999848 0.0 -0.0174524
Up: 0.0 1.0 0.0
Right: 0.0174524 0.0 0.999848
Name:Barrack_05
Translation: -4827.16,775.35,6083.13
Dof: 0.0 0.0 1.0
Up: 0.0 1.0 0.0
Right: -1.0 0.0 0.0
Name:amopack_12
Translation: -3560.4,1143.48,187.555
Dof: -0.601683 -1.94689e-005 -0.798735
Up: -1.16441e-005 1.0 1.56032e-005
Right: 0.798735 0.0 -0.601683
Name:motorcyc_01
Translation: 174.113,1244.79,-4636.42
Dof: 0.906308 0.0 -0.422618
Up: 0.0 1.0 0.0
Right: 0.422618 0.0 0.906308
Name:Pines1_04
Translation: -3710.83,1226.45,-2217.9
Dof: -0.618306 -0.308674 -0.842922
Up: -0.186401 1.04537 0.246079
Right: 0.878096 0.00455889 -0.645776
Name:Pines1_05
Translation: -3558.32,1149.55,-2598.58
Dof: -1.08542 -0.099505 -0.00728138
Up: -0.0975002 1.07477 0.153206
Right: 0.0211656 -0.151911 -1.07915
Name:Pines1_06
Translation: -3307.57,1084.95,552.911
Dof: 0.248276 -0.035333 -1.06076
Up: 0.0686914 1.08765 0.020151
Right: 1.05912 -0.0622587 0.249967
Name:Pines1_07
Translation: -2492.3,1188.77,1224.96
Dof: 0.872034 -0.035333 -0.653
Up: 0.0655735 1.08765 -0.0287174
Right: 0.650659 -0.0622587 0.872276
Name:Pines1_08
Translation: -2696.9,1312.23,-330.355
Dof: -0.856448 -0.035333 -0.673311
Up: 0.0107672 1.08765 0.0707717
Right: 0.674151 -0.0622587 -0.85425
Name:Pines1_09
Translation: -3374.26,1090.02,1628.0
Dof: 0.711507 0.0882754 -0.821014
Up: -0.0161883 1.08504 -0.102634
Right: 0.825588 -0.0548018 0.709578
Name:Pines1_10
Translation: 2479.32,1454.84,1509.34
Dof: 0.764708 0.0260478 -0.776301
Up: -0.210793 1.05546 0.17223
Right: 0.747588 0.270958 0.745516
Name:Pines1_11
Translation: 2219.66,1398.25,758.772
Dof: -0.315366 -0.035333 -1.04278
Up: 0.049413 1.08765 0.051797
Right: 1.04221 -0.0622587 -0.313084
Name:Pines1_12
Translation: 2262.65,1338.88,2532.21
Dof: 1.03101 -0.180103 -0.30444
Up: 0.145702 1.07108 0.140206
Right: 0.322322 0.0919226 1.03719
Name:Pines1_13
Translation: 2108.84,1352.74,2319.87
Dof: 0.429505 -0.00623821 -1.00179
Up: -0.0137481 1.08984 0.0126808
Right: 1.00172 0.0176323 0.429363
Name:Pines1_14
Translation: -691.565,1279.44,-4552.42
Dof: -1.02136 -0.100228 -0.367247
Up: -0.0802486 1.0846 0.0728232
Right: 0.372124 -0.0411999 -1.02368
Name:Pines1_15
Translation: -336.633,1288.6,-4483.16
Dof: 1.03949 -0.183191 -0.272014
Up: 0.1468 1.06837 0.158515
Right: 0.293258 0.114536 1.04354
Name:Pines1_16
Translation: -2973.92,1202.98,-2474.03
Dof: -0.969921 -0.138127 -0.47778
Up: -0.0219656 1.05799 0.261276
Right: 0.49686 -0.222864 -0.944225
Name:Pole1_70
Translation: -3727.48,1119.21,-2510.5
Dof: 0.0542051 -0.136746 0.989122
Up: 0.170524 0.977295 -0.125766
Right: -0.983861 0.161852 0.0762928
Name:Pines1_17
Translation: -3402.49,1180.95,-2426.74
Dof: -1.02159 0.0545281 0.376138
Up: -0.0528969 1.04783 0.29557
Right: -0.37637 -0.295273 -0.979418
Name:House_07
Translation: -4454.84,771.912,6972.89
Dof: 0.999962 0.0 0.00872642
Up: 0.0 1.0 0.0
Right: -0.00872642 0.0 0.999962
Name:Barrack_06
Translation: -5193.2,775.35,5975.06
Dof: 1.0 0.0 0.0
Up: 0.0 1.0 0.0
Right: 0.0 0.0 1.0
Name:Barrack_07
Translation: -4468.54,775.35,6209.38
Dof: -1.0 0.0 -1.68587e-007
Up: 0.0 1.0 0.0
Right: 1.68587e-007 0.0 -1.0
Name:Barrack_08
Translation: -4589.19,775.35,6568.74
Dof: 0.0 0.0 -1.0
Up: 0.0 1.0 0.0
Right: 1.0 0.0 0.0
Name:rockets_11
Translation: -5027.7,774.006,5985.2
Dof: 0.987688 0.0 0.156434
Up: 0.0 1.0 0.0
Right: -0.156434 0.0 0.987688
Name:Pole2_46
Translation: -4009.81,1106.96,1324.16
Dof: -0.864781 -0.014606 -0.501936
Up: -0.0693756 0.993466 -0.0906173
Right: 0.497333 0.113186 -0.860144
Name:Pole2_47
Translation: -3908.64,1129.65,1150.32
Dof: -0.889938 -0.00915095 -0.455989
Up: -0.0399334 0.997522 -0.0579181
Right: 0.454329 0.0697527 -0.888099
Name:Barrack_09
Translation: 633.168,1328.02,2337.55
Dof: 0.0 0.0 1.0
Up: 0.0 1.0 0.0
Right: -1.0 0.0 0.0
Name:Pole2_52
Translation: -3591.93,1150.6,-2344.93
Dof: -0.808676 0.0390316 0.586958
Up: -0.0729466 0.983441 0.165898
Right: -0.583714 -0.176975 -0.792438
Name:Pole2_98
Translation: -3502.07,1185.86,-2165.29
Dof: -0.898315 0.0390316 0.437616
Up: -0.0430304 0.983441 0.176045
Right: -0.43724 -0.176975 -0.88176
Name:Pole2_100
Translation: -3444.8,1221.1,-1972.6
Dof: -0.960658 0.0390316 0.274977
Up: -0.0118067 0.983441 0.180843
Right: -0.277482 -0.176975 -0.94429
Name:Pole2_101
Translation: -3272.27,1245.25,-1620.35
Dof: -0.856522 0.0213568 0.515668
Up: -0.0275966 0.995819 0.0870804
Right: -0.515372 -0.088817 -0.852352
Name:Pole2_102
Translation: -3374.07,1228.84,-1786.25
Dof: -0.933037 -0.0236679 0.359001
Up: -0.0333495 0.999227 0.0207986
Right: -0.358231 -0.0313783 -0.933105
Name:Pole1_71
Translation: -3049.39,1255.13,-1301.05
Dof: -0.943777 -0.0362147 0.328594
Up: -0.0456567 0.998735 0.021062
Right: -0.327415 -0.0348804 -0.944237
Name:Pole2_103
Translation: -3122.39,1248.93,-1499.59
Dof: -0.628499 -0.0464896 0.77642
Up: -0.0387509 0.998844 -0.0284395
Right: -0.776845 -0.0122128 -0.629574
Name:Pines1_18
Translation: -2028.01,1260.53,803.945
Dof: -0.994641 -0.122488 -0.428703
Up: -0.102681 1.08282 0.071147
Right: 0.433874 -0.0245375 -0.999626
Name:Pines1_19
Translation: -1658.4,1278.02,738.804
Dof: -1.06066 -0.122488 0.219329
Up: -0.12492 1.08282 -0.000615364
Right: -0.217953 -0.0245375 -1.06771
Name:Pines1_20
Translation: -886.63,1269.94,885.302
Dof: -0.671528 -0.122488 0.849793
Up: -0.0952986 1.08282 -0.0807683
Right: -0.85327 -0.0245375 -0.677812
Name:Pines1_21
Translation: -888.91,1281.23,486.559
Dof: 0.38798 -0.068584 1.0163
Up: 0.116587 1.08337 -0.0286021
Right: -1.01192 0.0985234 0.392956
Name:Pines1_22
Translation: -1797.08,1187.55,-2340.03
Dof: -0.776655 -0.00176213 0.76479
Up: 0.0654058 1.08585 -0.0689224
Right: -0.76199 0.0950006 -0.773593
Name:Pines1_23
Translation: -892.251,1268.27,-2747.49
Dof: -1.05503 0.00579562 0.273826
Up: 0.0386402 1.08201 -0.125976
Right: -0.271148 0.131641 -1.0475
Name:Pole3_72
Translation: -3048.03,1259.86,-692.85
Dof: -1.0 -7.49559e-007 1.50901e-007
Up: -7.49559e-007 1.0 0.0
Right: -1.50901e-007 0.0 -1.0
Name:Pole2_104
Translation: -2993.57,1261.5,-507.485
Dof: -0.961212 2.03971e-006 0.275812
Up: -0.00240322 0.999962 0.00838266
Right: -0.275802 -0.00872035 -0.961175
Name:Pole2_105
Translation: -2928.54,1261.5,-319.194
Dof: -0.945518 2.0421e-006 0.325568
Up: 0.00113498 0.999994 -0.00328994
Right: -0.325566 0.00348022 -0.945513
Name:Pole1_73
Translation: -2830.39,1249.89,-149.742
Dof: -0.866025 -0.0435786 0.498098
Up: -0.005527 0.996968 -0.0776153
Right: -0.49997 0.0644638 -0.86364
Name:Pole2_106
Translation: -2733.32,1238.92,25.0011
Dof: -0.87462 -0.0422519 0.482965
Up: -0.0107958 0.997645 -0.0677279
Right: -0.48469 0.0540221 -0.873016
Name:Pole2_107
Translation: -2636.38,1229.23,199.584
