Name:jbmur_09
Translation: -4758.459839,-385.850990,-5456.667603
Dof: -0.0348994 0.0 -0.999391
Up: 0.0 1.0 0.0
Right: 0.999391 0.0 -0.0348994
Name:jbmur_02
Translation: -830.366505,-385.826248,-5445.897339
Dof: -0.156434 0.0 0.987688
Up: 0.0 1.0 0.0
Right: -0.987688 0.0 -0.156434
Name:jbmur_03
Translation: -2141.289978,-385.129509,-4516.685059
Dof: -0.984808 0.0 -0.173648
Up: 0.0 1.0 0.0
Right: 0.173648 0.0 -0.984808
Name:jbmur_04
Translation: -1671.294998,-386.000244,-4847.584839
Dof: -0.165048 0.0 0.986286
Up: 0.0 1.0 0.0
Right: -0.986286 0.0 -0.165048
Name:jbmur_05
Translation: -1296.053505,-386.329491,-5112.215088
Dof: -0.986286 0.0 -0.165048
Up: 0.0 1.0 0.0
Right: 0.165048 0.0 -0.986286
Dele:fact_01
Translation: -4252.900146,-385.513504,-6672.852295
Dof: -0.998135 0.0 -0.0610485
Up: 0.0 1.0 0.0
Right: 0.0610485 0.0 -0.998135
Dele:fact_02
Translation: -3496.817566,-384.367760,-6580.842529
Dof: -0.997564 0.0 -0.0697564
Up: 0.0 1.0 0.0
Right: 0.0697564 0.0 -0.997564
Name:wcorn_01
Translation: -673.475502,-386.407494,-6614.217529
Dof: 0.987688 0.0 0.156434
Up: 0.0 1.0 0.0
Right: -0.156434 0.0 0.987688
Name:jbmur_06
Translation: -2532.399963,-383.040001,-4252.362427
Dof: -0.21644 0.0 0.976296
Up: 0.0 1.0 0.0
Right: -0.976296 0.0 -0.21644
Name:jbmur_07
Translation: -1042.376499,-386.013748,-6706.669678
Dof: 0.987688 0.0 0.156435
Up: 0.0 1.0 0.0
Right: -0.156435 0.0 0.987688
Dele:wcorn_02
Translation: -1767.070007,-384.828758,-4479.515015
Dof: -0.165048 0.0 0.986286
Up: 0.0 1.0 0.0
Right: -0.986286 0.0 -0.165048
Name:wcorn_03
Translation: -921.840549,-385.714508,-5080.062500
Dof: -0.156434 0.0 0.987688
Up: 0.0 1.0 0.0
Right: -0.987688 0.0 -0.156434
Name:wscorn_01
Translation: -1620.413513,-385.752754,-5170.752441
Dof: 0.986286 0.0 0.165048
Up: 0.0 1.0 0.0
Right: -0.165048 0.0 0.986286
Name:wscorn_02
Translation: -1366.778519,-385.310257,-6754.175293
Dof: 0.986286 0.0 0.165048
Up: 0.0 1.0 0.0
Right: -0.165048 0.0 0.986286
Name:wscorn_03
Translation: -2466.737518,-385.752754,-4577.795044
Dof: 0.979925 0.0 0.199368
Up: 0.0 1.0 0.0
Right: -0.199368 0.0 0.979925
Name:hangar_02
Translation: -1602.816986,-390.941254,-6432.972412
Dof: -0.992546 0.0 -0.121869
Up: 0.0 1.0 0.0
Right: 0.121869 0.0 -0.992546
Name:wscorn_05
Translation: -4766.492676,-385.752754,-5781.252441
Dof: 0.998629 0.0 -0.0523359
Up: 0.0 1.0 0.0
Right: 0.0523359 0.0 0.998629
Name:wscorn_06
Translation: -4830.827515,-385.752754,-6520.819824
Dof: 0.999048 0.0 -0.0436194
Up: 0.0 1.0 0.0
Right: 0.0436194 0.0 0.999048
Name:jbmur_01
Translation: -704.194740,-385.850990,-6242.270264
Dof: -0.156434 0.0 0.987688
Up: 0.0 1.0 0.0
Right: -0.987688 0.0 -0.156434
Name:valv_01
Translation: -780.014503,-386.346748,-5846.870117
Dof: -0.152986 0.0 0.988228
Up: 0.0 1.0 0.0
Right: -0.988228 0.0 -0.152986
Name:jbmur_08
Translation: -4841.724854,-385.826248,-6848.697266
Dof: -0.0174524 0.0 -0.999848
Up: 0.0 1.0 0.0
Right: 0.999848 0.0 -0.0174524
Name:wscorn_04
Translation: -2609.950073,-385.752754,-3929.495117
Dof: 0.979925 0.0 0.199368
Up: 0.0 1.0 0.0
Right: -0.199368 0.0 0.979925
Name:wscorn_07
Translation: -2145.219971,-385.310257,5633.575073
Dof: 0.965926 0.0 0.258819
Up: 0.0 1.0 0.0
Right: -0.258819 0.0 0.965926
Name:wscorn_08
Translation: -1946.927460,-385.752754,5001.482544
Dof: 0.970296 0.0 0.241922
Up: 0.0 1.0 0.0
Right: -0.241922 0.0 0.970296
Name:jbmur_10
Translation: -1737.009995,-385.826248,6987.422852
Dof: -0.25038 0.0 0.968148
Up: 0.0 1.0 0.0
Right: -0.968148 0.0 -0.25038
Name:jbmur_12
Translation: -2631.070007,-386.000244,7502.199707
Dof: -0.258819 0.0 0.965926
Up: 0.0 1.0 0.0
Right: -0.965926 0.0 -0.258819
Name:jbmur_13
Translation: -2232.190033,-386.329491,7274.754883
Dof: -0.965926 0.0 -0.258819
Up: 0.0 1.0 0.0
Right: 0.258819 0.0 -0.965926
Dele:fact_03
Translation: -3231.685059,-387.790489,4651.652588
Dof: -0.725374 0.0 -0.688355
Up: 0.0 1.0 0.0
Right: 0.688355 0.0 -0.725374
Dele:fact_04
Translation: -2604.174927,-385.643990,5073.894897
Dof: -0.731354 0.0 -0.681998
Up: 0.0 1.0 0.0
Right: 0.681998 0.0 -0.731354
Name:wcorn_04
Translation: -1468.519745,-386.407494,5839.337646
Dof: 0.968148 0.0 0.25038
Up: 0.0 1.0 0.0
Right: -0.25038 0.0 0.968148
Name:jbmur_14
Translation: -2042.747467,-383.040001,5319.332397
Dof: -0.309017 0.0 0.951056
Up: 0.0 1.0 0.0
Right: -0.951056 0.0 -0.309017
Name:jbmur_15
Translation: -1826.859985,-386.013748,5711.950073
Dof: 0.968148 0.0 0.25038
Up: 0.0 1.0 0.0
Right: -0.25038 0.0 0.968148
Name:jbmur_16
Translation: -1534.511505,-385.850990,6206.357544
Dof: -0.25038 0.0 0.968148
Up: 0.0 1.0 0.0
Right: -0.968148 0.0 -0.25038
Name:wscorn_09
Translation: -2549.447449,-385.752754,7185.400146
Dof: 0.965926 0.0 0.258819
Up: 0.0 1.0 0.0
Right: -0.258819 0.0 0.965926
Name:valv_02
Translation: -1648.238495,-386.346748,6593.275146
Dof: -0.252069 0.0 0.967709
Up: 0.0 1.0 0.0
Right: -0.967709 0.0 -0.252069
Name:wscorn_10
Translation: -4877.207397,-385.199249,7712.357178
Dof: 1.0 0.0 0.0
Up: 0.0 1.0 0.0
Right: 0.0 0.0 1.0
Name:hangar_04
Translation: -1934.620026,-392.650497,5960.777588
Dof: -0.968148 0.0 -0.25038
Up: 0.0 1.0 0.0
Right: 0.25038 0.0 -0.968148
Name:wscorn_11
Translation: -4866.377441,-385.199249,6460.030029
Dof: 0.999962 0.0 -0.0087265
Up: 0.0 1.0 0.0
Right: 0.0087265 0.0 0.999962
Name:wscorn_12
Translation: -4764.805176,-383.293510,5496.302368
Dof: 1.0 0.0 0.0
Up: 0.0 1.0 0.0
Right: 0.0 0.0 1.0
Name:jbmur_17
Translation: -4761.392456,-383.367004,5168.267456
Dof: 0.0261769 0.0 -0.999657
Up: 0.0 1.0 0.0
Right: 0.999657 0.0 0.0261769
Name:jbmur_18
Translation: -4872.512573,-385.297508,6784.659912
Dof: 0.00872659 0.0 -0.999962
Up: 0.0 1.0 0.0
Right: 0.999962 0.0 0.00872659
Name:wcorn_06
Translation: -1862.785004,-385.714508,7342.622559
Dof: -0.25038 0.0 0.968148
Up: 0.0 1.0 0.0
Right: -0.968148 0.0 -0.25038
Name:jbmur_19
Translation: -4877.747559,-385.297508,7384.637207
Dof: 0.00872659 0.0 -0.999962
Up: 0.0 1.0 0.0
Right: 0.999962 0.0 0.00872659
Name:jbmur_20
Translation: -4289.072632,-386.229744,-4000.954956
Dof: -0.961262 0.0 -0.275637
Up: 0.0 1.0 0.0
Right: 0.275637 0.0 -0.961262
Name:valv_03
Translation: -3890.672485,-386.750244,-3905.239868
Dof: -0.95882 0.0 -0.284015
Up: 0.0 1.0 0.0
Right: 0.284015 0.0 -0.95882
Name:jbmur_21
Translation: -3503.522522,-386.255241,-3773.487427
Dof: -0.961262 0.0 -0.275637
Up: 0.0 1.0 0.0
Right: 0.275637 0.0 -0.961262
Name:jbmur_22
Translation: -3412.127441,-403.163269,4293.497559
Dof: 0.942641 0.0 -0.333807
Up: 0.0 1.0 0.0
Right: 0.333807 0.0 0.942641
Name:valv_04
Translation: -3791.207581,-403.684479,4442.357544
Dof: 0.94147 0.0 -0.337095
Up: 0.0 1.0 0.0
Right: 0.337095 0.0 0.94147
Name:jbmur_23
Translation: -4178.957397,-403.188766,4565.829956
Dof: 0.942641 0.0 -0.333807
Up: 0.0 1.0 0.0
Right: 0.333807 0.0 0.942641
Name:brid_01
Translation: -3977.747559,-387.186745,-3607.032471
Dof: 0.965926 0.0 0.258819
Up: 0.0 1.0 0.0
Right: -0.258819 0.0 0.965926
Name:pbridge_01
Translation: -4099.299927,-368.966995,-3153.417603
Dof: 0.965926 0.0 0.258819
Up: 0.0 1.0 0.0
Right: -0.258819 0.0 0.965926
Name:dbrid_01
Translation: -4099.299927,-368.966995,-3153.417603
Dof: 0.965926 0.0 0.258819
Up: 0.0 1.0 0.0
Right: -0.258819 0.0 0.965926
Name:pbridge_02
Translation: -4213.202515,-368.966995,-2728.325073
Dof: 0.965926 0.0 0.258819
Up: 0.0 1.0 0.0
Right: -0.258819 0.0 0.965926
Name:dbrid_02
Translation: -4213.202515,-368.966995,-2728.325073
Dof: 0.965926 0.0 0.258819
Up: 0.0 1.0 0.0
Right: -0.258819 0.0 0.965926
Name:brid_02
Translation: -4334.747559,-387.186745,-2274.710022
Dof: -0.965926 0.0 -0.258819
Up: 0.0 1.0 0.0
Right: 0.258819 0.0 -0.965926
Name:brid_04
Translation: -4037.732544,-477.203979,3697.840088
Dof: -0.945519 0.0 0.325568
Up: 0.0 1.0 0.0
Right: -0.325568 0.0 -0.945519
Name:pbridge_04
Translation: -4190.627441,-458.984253,3253.802551
Dof: 0.945519 0.0 -0.325568
Up: 0.0 1.0 0.0
Right: 0.325568 0.0 0.945519
Name:dbrid_04
Translation: -4190.627441,-458.984253,3253.802551
Dof: 0.945519 0.0 -0.325568
Up: 0.0 1.0 0.0
Right: 0.325568 0.0 0.945519
Name:pbridge_03
Translation: -4333.907471,-458.984253,2837.695007
Dof: 0.945519 0.0 -0.325568
Up: 0.0 1.0 0.0
Right: 0.325568 0.0 0.945519
Name:dbrid_03
Translation: -4333.907471,-458.984253,2837.695007
Dof: 0.945519 0.0 -0.325568
Up: 0.0 1.0 0.0
Right: 0.325568 0.0 0.945519
Name:brid_03
Translation: -4486.802368,-477.203979,2393.657471
Dof: 0.945519 0.0 -0.325568
Up: 0.0 1.0 0.0
Right: 0.325568 0.0 0.945519
Name:grass2_05
Translation: -877.883501,-9.000000,-5708.299927
Dof: 0.610325 0.515038 -0.601863
Up: -0.36672 0.857167 -0.361636
Right: 0.702153 0.0 0.712026
Name:grass2_06
Translation: -877.397499,-9.000000,-5699.967529
Dof: 0.325257 0.515038 0.79306
Up: -0.195434 0.857167 0.476518
Right: -0.92521 0.0 0.379456
Name:grass2_07
Translation: -887.938749,-9.000000,-5705.352661
Dof: -0.857135 0.515038 0.00748011
Up: 0.515018 0.857167 0.00449449
Right: -0.00872654 0.0 -0.999962
Name:grass2_08
Translation: -887.027502,-9.000000,-5697.867676
Dof: 0.0269243 0.515038 0.856744
Up: -0.0161777 0.857167 0.514784
Right: -0.999507 0.0 0.0314108
Name:rock1_02
Translation: -882.654251,-9.000000,-5705.862427
Dof: 1.0 0.0 0.0
Up: 0.0 1.0 0.0
Right: 0.0 0.0 1.0
Name:grass2_09
Translation: -2064.804993,-9.000000,-6482.030029
Dof: 0.325257 0.515038 0.79306
Up: -0.195434 0.857167 0.476518
Right: -0.92521 0.0 0.379456
Name:grass2_10
Translation: -2075.342529,-9.000000,-6487.414795
Dof: -0.857135 0.515038 0.00748011
Up: 0.515018 0.857167 0.00449449
Right: -0.00872654 0.0 -0.999962
Name:rock1_03
Translation: -2070.054993,-9.000000,-6487.917236
Dof: 1.0 0.0 0.0
Up: 0.0 1.0 0.0
Right: 0.0 0.0 1.0
Name:grass2_11
Translation: -2065.285004,-9.000000,-6490.362793
Dof: 0.610325 0.515038 -0.601863
Up: -0.36672 0.857167 -0.361636
Right: 0.702153 0.0 0.712026
Name:grass2_12
Translation: -2074.434967,-9.000000,-6479.930176
Dof: 0.0269243 0.515038 0.856744
Up: -0.0161777 0.857167 0.514784
Right: -0.999507 0.0 0.0314108
Name:grass2_13
Translation: -4041.250000,-9.000000,-5834.757324
Dof: 0.325257 0.515038 0.79306
Up: -0.195434 0.857167 0.476518
Right: -0.92521 0.0 0.379456
Name:grass2_14
Translation: -4051.787354,-9.000000,-5840.142822
Dof: -0.857135 0.515038 0.00748011
Up: 0.515018 0.857167 0.00449449
Right: -0.00872654 0.0 -0.999962
Name:rock1_04
Translation: -4046.500000,-9.000000,-5840.652588
Dof: 1.0 0.0 0.0
Up: 0.0 1.0 0.0
Right: 0.0 0.0 1.0
Name:grass2_15
Translation: -4041.729919,-9.000000,-5843.097412
Dof: 0.610325 0.515038 -0.601863
Up: -0.36672 0.857167 -0.361636
Right: 0.702153 0.0 0.712026
Name:grass2_16
Translation: -4050.879883,-9.000000,-5832.657471
Dof: 0.0269243 0.515038 0.856744
Up: -0.0161777 0.857167 0.514784
Right: -0.999507 0.0 0.0314108
Name:grass2_29
Translation: -1659.976013,-9.000000,6437.155029
Dof: 0.325257 0.515038 0.79306
Up: -0.195434 0.857167 0.476518
Right: -0.92521 0.0 0.379456
Name:grass2_30
Translation: -1670.517258,-9.000000,6431.769897
Dof: -0.857135 0.515038 0.00748011
Up: 0.515018 0.857167 0.00449449
Right: -0.00872654 0.0 -0.999962
Name:rock1_08
Translation: -1665.232010,-9.000000,6431.260132
Dof: 1.0 0.0 0.0
Up: 0.0 1.0 0.0
Right: 0.0 0.0 1.0
Name:grass2_31
Translation: -1660.461243,-9.000000,6428.814941
Dof: 0.610325 0.515038 -0.601863
Up: -0.36672 0.857167 -0.361636
Right: 0.702153 0.0 0.712026
Name:grass2_32
Translation: -1669.605255,-9.000000,6439.254883
Dof: 0.0269243 0.515038 0.856744
Up: -0.0161777 0.857167 0.514784
Right: -0.999507 0.0 0.0314108
Name:grass2_33
Translation: -1810.532471,-9.000000,6853.937500
Dof: 0.325257 0.515038 0.79306
Up: -0.195434 0.857167 0.476518
Right: -0.92521 0.0 0.379456
Name:grass2_34
Translation: -1821.070007,-9.000000,6848.552734
Dof: -0.857135 0.515038 0.00748011
Up: 0.515018 0.857167 0.00449449
Right: -0.00872654 0.0 -0.999962
Name:rock1_09
Translation: -1815.789978,-9.000000,6848.042236
Dof: 1.0 0.0 0.0
Up: 0.0 1.0 0.0
Right: 0.0 0.0 1.0
Name:grass2_35
Translation: -1811.012482,-9.000000,6845.597412
Dof: 0.610325 0.515038 -0.601863
Up: -0.36672 0.857167 -0.361636
Right: 0.702153 0.0 0.712026
Name:grass2_36
Translation: -1820.162537,-9.000000,6856.037354
Dof: 0.0269243 0.515038 0.856744
Up: -0.0161777 0.857167 0.514784
Right: -0.999507 0.0 0.0314108
Name:grass2_37
Translation: -2491.502533,-9.000000,6923.087646
Dof: 0.325257 0.515038 0.79306
Up: -0.195434 0.857167 0.476518
Right: -0.92521 0.0 0.379456
Name:grass2_38
Translation: -2502.047485,-9.000000,6917.710205
Dof: -0.857135 0.515038 0.00748011
Up: 0.515018 0.857167 0.00449449
Right: -0.00872654 0.0 -0.999962
Name:rock1_10
Translation: -2496.760040,-9.000000,6917.199707
Dof: 1.0 0.0 0.0
Up: 0.0 1.0 0.0
Right: 0.0 0.0 1.0
Name:grass2_39
Translation: -2491.989960,-9.000000,6914.754883
Dof: 0.610325 0.515038 -0.601863
Up: -0.36672 0.857167 -0.361636
Right: 0.702153 0.0 0.712026
Name:grass2_40
Translation: -2501.132507,-9.000000,6925.194824
Dof: 0.0269243 0.515038 0.856744
Up: -0.0161777 0.857167 0.514784
Right: -0.999507 0.0 0.0314108
Name:grass2_41
Translation: -4929.594971,-9.000000,6532.772339
Dof: 0.325257 0.515038 0.79306
Up: -0.195434 0.857167 0.476518
Right: -0.92521 0.0 0.379456
Name:grass2_42
Translation: -4940.140015,-9.000000,6527.387573
Dof: -0.857135 0.515038 0.00748011
Up: 0.515018 0.857167 0.00449449
Right: -0.00872654 0.0 -0.999962
Name:rock1_11
Translation: -4934.852661,-9.000000,6526.877441
Dof: 1.0 0.0 0.0
Up: 0.0 1.0 0.0
Right: 0.0 0.0 1.0
Name:grass2_43
Translation: -4930.082397,-9.000000,6524.432617
Dof: 0.610325 0.515038 -0.601863
Up: -0.36672 0.857167 -0.361636
Right: 0.702153 0.0 0.712026
Name:grass2_44
Translation: -4939.224854,-9.000000,6534.872559
Dof: 0.0269243 0.515038 0.856744
Up: -0.0161777 0.857167 0.514784
Right: -0.999507 0.0 0.0314108
Name:grass2_49
Translation: -1300.116249,-9.000000,-6260.000000
Dof: 0.325257 0.515038 0.79306
Up: -0.195434 0.857167 0.476518
Right: -0.92521 0.0 0.379456
Name:grass2_50
Translation: -1310.658249,-9.000000,-6265.384766
Dof: -0.857135 0.515038 0.00748011
Up: 0.515018 0.857167 0.00449449
Right: -0.00872654 0.0 -0.999962
Name:rock1_13
Translation: -1305.373001,-9.000000,-6265.895264
Dof: 1.0 0.0 0.0
Up: 0.0 1.0 0.0
Right: 0.0 0.0 1.0
Name:grass2_51
Translation: -1300.602257,-9.000000,-6268.332764
Dof: 0.610325 0.515038 -0.601863
Up: -0.36672 0.857167 -0.361636
Right: 0.702153 0.0 0.712026
Name:grass2_52
Translation: -1309.746246,-9.000000,-6257.900146
Dof: 0.0269243 0.515038 0.856744
Up: -0.0161777 0.857167 0.514784
Right: -0.999507 0.0 0.0314108
Name:grass2_61
Translation: -4908.917603,-9.000000,-6545.652588
Dof: 0.325257 0.515038 0.79306
Up: -0.195434 0.857167 0.476518
Right: -0.92521 0.0 0.379456
Name:grass2_62
Translation: -4919.462646,-9.000000,-6551.037354
Dof: -0.857135 0.515038 0.00748011
Up: 0.515018 0.857167 0.00449449
Right: -0.00872654 0.0 -0.999962
Name:rock1_16
Translation: -4914.174927,-9.000000,-6551.547852
Dof: 1.0 0.0 0.0
Up: 0.0 1.0 0.0
Right: 0.0 0.0 1.0
Name:grass2_63
Translation: -4909.405029,-9.000000,-6553.985352
Dof: 0.610325 0.515038 -0.601863
Up: -0.36672 0.857167 -0.361636
Right: 0.702153 0.0 0.712026
Name:grass2_64
Translation: -4918.547485,-9.000000,-6543.552734
Dof: 0.0269243 0.515038 0.856744
Up: -0.0161777 0.857167 0.514784
Right: -0.999507 0.0 0.0314108
Name:grass2_65
Translation: -3729.587463,-9.000000,-6493.182617
Dof: 0.325257 0.515038 0.79306
Up: -0.195434 0.857167 0.476518
Right: -0.92521 0.0 0.379456
Name:grass2_66
Translation: -3740.125000,-9.000000,-6498.567383
Dof: -0.857135 0.515038 0.00748011
Up: 0.515018 0.857167 0.00449449
Right: -0.00872654 0.0 -0.999962
Name:rock1_17
Translation: -3734.844971,-9.000000,-6499.077148
Dof: 1.0 0.0 0.0
Up: 0.0 1.0 0.0
Right: 0.0 0.0 1.0
Name:grass2_67
Translation: -3730.075073,-9.000000,-6501.514648
Dof: 0.610325 0.515038 -0.601863
Up: -0.36672 0.857167 -0.361636
Right: 0.702153 0.0 0.712026
Name:grass2_68
Translation: -3739.217529,-9.000000,-6491.082764
Dof: 0.0269243 0.515038 0.856744
Up: -0.0161777 0.857167 0.514784
Right: -0.999507 0.0 0.0314108
Name:grass3_130
Translation: -3353.177551,-398.253754,-6525.987793
Dof: 0.688975 0.343702 0.638109
Up: 0.0662627 0.846854 0.527682
Right: -0.72175 0.405842 0.560686
Name:grass3_221
Translation: -3439.787537,-398.253754,-6390.590088
Dof: 0.688975 0.343702 0.638109
Up: 0.0662627 0.846854 0.527682
Right: -0.72175 0.405842 0.560686
Name:grass3_222
Translation: -3564.572449,-398.253754,-6398.457764
Dof: 0.688975 0.343702 0.638109
Up: 0.0662627 0.846854 0.527682
Right: -0.72175 0.405842 0.560686
Name:grass3_223
Translation: -3704.350037,-398.253754,-6533.284912
Dof: 0.688975 0.343702 0.638109
Up: 0.0662627 0.846854 0.527682
Right: -0.72175 0.405842 0.560686
Name:grass3_224
Translation: -4016.477478,-398.253754,-6615.814941
Dof: 0.688975 0.343702 0.638109
Up: 0.0662627 0.846854 0.527682
Right: -0.72175 0.405842 0.560686
Name:grass3_225
Translation: -4067.364868,-398.253754,-6600.004883
Dof: 0.688975 0.343702 0.638109
Up: 0.0662627 0.846854 0.527682
Right: -0.72175 0.405842 0.560686
Name:grass3_226
Translation: -1265.068008,-398.253754,-6193.017822
Dof: -0.740054 0.343702 0.57809
Up: 0.5103 0.846854 -0.149777
Right: -0.438079 0.405842 -0.802109
Name:grass3_227
Translation: -1820.635040,-398.253754,-6245.562500
Dof: -0.740054 0.343702 0.57809
Up: 0.5103 0.846854 -0.149777
Right: -0.438079 0.405842 -0.802109
Name:grass3_228
Translation: -1807.089996,-398.253754,-6309.365234
Dof: -0.740054 0.343702 0.57809
Up: 0.5103 0.846854 -0.149777
Right: -0.438079 0.405842 -0.802109
Name:grass3_229
Translation: -1808.852478,-398.253754,-6293.884766
Dof: -0.740054 0.343702 0.57809
Up: 0.5103 0.846854 -0.149777
Right: -0.438079 0.405842 -0.802109
Name:grass3_230
Translation: -820.825748,-398.253754,-5737.699707
Dof: -0.740054 0.343702 0.57809
Up: 0.5103 0.846854 -0.149777
Right: -0.438079 0.405842 -0.802109
Name:grass3_231
Translation: -719.878754,-398.253754,-6018.882324
Dof: 0.730883 0.343702 -0.589643
Up: -0.51259 0.846854 0.141743
Right: 0.450624 0.405842 0.795129
Name:grass3_232
Translation: -1574.632751,-398.253754,-5476.564941
Dof: -0.740054 0.343702 0.57809
Up: 0.5103 0.846854 -0.149777
Right: -0.438079 0.405842 -0.802109
Name:grass3_233
Translation: -823.945751,-398.253754,-5722.444824
Dof: -0.740054 0.343702 0.57809
Up: 0.5103 0.846854 -0.149777
Right: -0.438079 0.405842 -0.802109
Name:grass3_234
Translation: -1662.135239,-398.253754,-5135.247559
Dof: -0.740054 0.343702 0.57809
Up: 0.5103 0.846854 -0.149777
Right: -0.438079 0.405842 -0.802109
Name:grass3_235
Translation: -1752.647522,-398.253754,-4588.295044
Dof: -0.740054 0.343702 0.57809
Up: 0.5103 0.846854 -0.149777
Right: -0.438079 0.405842 -0.802109
Name:grass3_237
Translation: -723.463753,-398.253754,-5722.055176
Dof: 0.730883 0.343702 -0.589643
Up: -0.51259 0.846854 0.141743
Right: 0.450624 0.405842 0.795129
Name:grass3_239
Translation: -2692.427551,-398.253754,5949.219971
Dof: -0.740054 0.343702 0.57809
Up: 0.5103 0.846854 -0.149777
Right: -0.438079 0.405842 -0.802109
Name:grass3_240
Translation: -2633.185059,-398.253754,5722.382324
Dof: -0.740054 0.343702 0.57809
Up: 0.5103 0.846854 -0.149777
Right: -0.438079 0.405842 -0.802109
Name:grass3_241
Translation: -2173.405029,-398.253754,6114.647339
Dof: -0.740054 0.343702 0.57809
Up: 0.5103 0.846854 -0.149777
Right: -0.438079 0.405842 -0.802109
Name:grass3_242
Translation: -1643.301239,-398.253754,6487.254883
Dof: -0.740054 0.343702 0.57809
Up: 0.5103 0.846854 -0.149777
Right: -0.438079 0.405842 -0.802109
Name:grass3_243
Translation: -2351.987518,-398.253754,6741.557617
Dof: -0.740054 0.343702 0.57809
Up: 0.5103 0.846854 -0.149777
Right: -0.438079 0.405842 -0.802109
Name:grass3_244
Translation: -2386.112518,-398.253754,6885.025146
Dof: -0.740054 0.343702 0.57809
Up: 0.5103 0.846854 -0.149777
Right: -0.438079 0.405842 -0.802109
Name:grass3_245
Translation: -2395.704956,-398.253754,6899.912354
Dof: -0.740054 0.343702 0.57809
Up: 0.5103 0.846854 -0.149777
Right: -0.438079 0.405842 -0.802109
Name:grass3_246
Translation: -3922.479919,-398.253754,4414.359985
Dof: -0.930155 0.343702 -0.129152
Up: 0.247566 0.846854 -0.470691
Right: 0.27115 0.405842 -0.872794
Name:grass3_247
Translation: -3640.187500,-398.253754,4359.647339
Dof: -0.930155 0.343702 -0.129152
Up: 0.247566 0.846854 -0.470691
Right: 0.27115 0.405842 -0.872794
Name:grass3_249
Translation: -3711.242493,-398.253754,4337.245117
Dof: -0.930155 0.343702 -0.129152
Up: 0.247566 0.846854 -0.470691
Right: 0.27115 0.405842 -0.872794
Name:grass3_250
Translation: -3437.935059,-398.253754,4584.332397
Dof: -0.927272 0.343702 0.148442
Up: 0.374365 0.846854 -0.377743
Right: 0.00412219 0.405842 -0.913934
Name:grass3_251
Translation: -3451.622559,-398.253754,4599.497559
Dof: -0.927272 0.343702 0.148442
Up: 0.374365 0.846854 -0.377743
Right: 0.00412219 0.405842 -0.913934
Name:grass3_252
Translation: -3156.077515,-398.253754,4795.825073
Dof: -0.927272 0.343702 0.148442
Up: 0.374365 0.846854 -0.377743
Right: 0.00412219 0.405842 -0.913934
Name:grass3_253
Translation: -2857.630066,-398.253754,5059.825073
Dof: -0.927272 0.343702 0.148442
Up: 0.374365 0.846854 -0.377743
Right: 0.00412219 0.405842 -0.913934
Name:grass3_254
Translation: -2810.289978,-398.253754,4952.754883
Dof: -0.927272 0.343702 0.148442
Up: 0.374365 0.846854 -0.377743
Right: 0.00412219 0.405842 -0.913934
Name:grass3_255
Translation: -2745.850037,-398.253754,5194.472412
Dof: 0.151678 0.343702 0.926748
Up: 0.376434 0.846854 0.375681
Right: -0.913943 0.405842 -0.000931794
Name:grass3_256
Translation: -2754.549927,-398.253754,5187.010132
Dof: 0.151678 0.343702 0.926748
Up: 0.376434 0.846854 0.375681
Right: -0.913943 0.405842 -0.000931794
Name:grass3_257
Translation: -2527.060059,-398.253754,5205.234985
Dof: 0.151678 0.343702 0.926748
Up: 0.376434 0.846854 0.375681
Right: -0.913943 0.405842 -0.000931794
Name:grass3_261
Translation: -3474.512573,-398.253754,4676.230103
Dof: 0.151678 0.343702 0.926748
Up: 0.376434 0.846854 0.375681
Right: -0.913943 0.405842 -0.000931794
Name:grass3_262
Translation: -4797.685059,-398.253754,5506.540161
Dof: -0.6357 0.343702 0.691198
Up: 0.52791 0.846854 -0.0644204
Right: -0.563202 0.405842 -0.719788
Name:grass3_263
Translation: -4897.577515,-398.253754,6462.662354
Dof: -0.6357 0.343702 0.691198
Up: 0.52791 0.846854 -0.0644204
Right: -0.563202 0.405842 -0.719788
Name:grass3_264
Translation: -4896.497559,-398.253754,6445.592529
Dof: -0.582085 0.343702 0.736916
Up: 0.531254 0.846854 -0.0246571
Right: -0.615586 0.405842 -0.675534
Name:grass3_02
Translation: -4457.920044,-398.253754,-6623.742676
Dof: 0.688975 0.343702 0.638109
Up: 0.0662627 0.846854 0.527682
Right: -0.72175 0.405842 0.560686
Name:rail_01
Translation: -7624.532471,-51.665849,-4982.757324
Dof: 1.0 0.0 0.0
Up: 0.0 1.0 0.0
Right: 0.0 0.0 1.0
Name:kran_03
Translation: -7624.532471,-52.070249,-6291.327148
Dof: 1.0 0.0 0.0
Up: 0.0 1.0 0.0
Right: 0.0 0.0 1.0
Name:kran_04
Translation: -7624.532471,-52.070249,-5006.239868
Dof: 1.0 0.0 0.0
Up: 0.0 1.0 0.0
Right: 0.0 0.0 1.0
Name:kran_01
Translation: -7489.479736,-53.032351,9140.875000
Dof: 1.0 0.0 0.0
Up: 0.0 1.0 0.0
Right: 0.0 0.0 1.0
Name:rail_02
Translation: -7489.479736,-52.627876,10449.474854
Dof: 1.0 0.0 0.0
Up: 0.0 1.0 0.0
Right: 0.0 0.0 1.0
Name:kran_02        
Translation: -7489.479736,-53.032351,10426.000000
Dof: 1.0 0.0 0.0
Up: 0.0 1.0 0.0
Right: 0.0 0.0 1.0
Dele:nbarack_01
Translation: -2581.327148,-385.529144,5823.334961
Dof: -0.966333 0.000000 -0.257296
Up: 0.000000 1.000000 0.000000
Right: 0.257296 0.000000 -0.966333
Dele:nbarack_01
Translation: -2643.098389,-385.515228,5858.886230
Dof: -0.253422 0.000000 0.967356
Up: 0.000000 1.000000 0.000000
Right: -0.967356 0.000000 -0.253422
Dele:5fence_01
Translation: -2009.979736,-387.372437,6600.825684
Dof: 0.963559 0.000000 0.267495
Up: 0.000000 1.000000 0.000000
Right: -0.267495 0.000000 0.963559
Dele:5fence_01
Translation: -2642.238037,-387.287659,6425.322266
Dof: 0.963559 0.000000 0.267495
Up: 0.000000 1.000000 0.000000
Right: -0.267495 0.000000 0.963559
Dele:5fence_01
Translation: -2017.202881,-387.476013,6648.053223
Dof: 0.993390 0.000000 0.114789
Up: 0.000000 1.000000 0.000000
Right: -0.114789 0.000000 0.993390
Dele:5fence_01
Translation: -2668.840820,-387.430298,6572.689941
Dof: 0.993390 0.000000 0.114789
Up: 0.000000 1.000000 0.000000
Right: -0.114789 0.000000 0.993390
Dele:5fence_01
Translation: -3320.340332,-387.415771,6497.302734
Dof: 0.993390 0.000000 0.114789
Up: 0.000000 1.000000 0.000000
Right: -0.114789 0.000000 0.993390
Dele:5fence_01
Translation: -3074.885742,-382.562103,5322.502441
Dof: 0.677211 0.000000 -0.735789
Up: 0.000000 1.000000 0.000000
Right: 0.735789 0.000000 0.677211
Dele:fence_01
Translation: -3301.341309,-383.552582,5629.648438
Dof: 0.086248 0.000000 -0.996274
Up: 0.000000 1.000000 0.000000
Right: 0.996274 0.000000 0.086248
Dele:fence_01
Translation: -3310.662354,-382.457855,5627.846191
Dof: 0.206009 0.000000 -0.978550
Up: 0.000000 1.000000 0.000000
Right: 0.978550 0.000000 0.206009
Dele:fence_01
Translation: -3325.743408,-382.500366,5756.485840
Dof: 0.025784 0.000000 -0.999668
Up: 0.000000 1.000000 0.000000
Right: 0.999668 0.000000 0.025784
Dele:fence_01
Translation: -3329.095215,-382.500366,5886.442871
Dof: 0.025784 0.000000 -0.999668
Up: 0.000000 1.000000 0.000000
Right: 0.999668 0.000000 0.025784
Name:plane4_01
Translation: -1845.491455,-404.785431,5891.041992
Dof: 0.578128 0.000000 0.815946
Up: 0.000000 1.000000 0.000000
Right: -0.815946 0.000000 0.578128
Name:plane4_01
Translation: -2018.249268,-404.784790,5956.906250
Dof: 0.941133 0.000000 -0.338037
Up: 0.000000 1.000000 0.000000
Right: 0.338037 0.000000 0.941133
Name:hylla_01
Translation: -2061.614258,-389.576782,5741.086914
Dof: -0.966003 0.000000 -0.258532
Up: 0.000000 1.000000 0.000000
Right: 0.258532 0.000000 -0.966003
Name:rtable_01
Translation: -1927.427246,-389.183502,5826.057617
Dof: -0.965892 0.000000 -0.258947
Up: 0.000000 1.000000 0.000000
Right: 0.258947 0.000000 -0.965892
Dele:rtable_01
Translation: -1950.948608,-389.181152,5853.081543
Dof: 0.425029 0.000000 -0.905180
Up: 0.000000 1.000000 0.000000
Right: 0.905180 0.000000 0.425029
Dele:fence_01
Translation: -3323.566162,-382.531250,6016.182129
Dof: -0.106576 0.000000 -0.994305
Up: 0.000000 1.000000 0.000000
Right: 0.994305 0.000000 -0.106576
Dele:fence_01
Translation: -3261.577393,-384.374908,6594.597656
Dof: -0.106576 0.000000 -0.994305
Up: 0.000000 1.000000 0.000000
Right: 0.994305 0.000000 -0.106576
Dele:fence_01
Translation: -3237.210449,-384.367981,6721.972656
Dof: -0.259523 0.000000 -0.965737
Up: 0.000000 1.000000 0.000000
Right: 0.965737 0.000000 -0.259523
Dele:fence_01
Translation: -3176.867432,-384.383148,6833.733398
Dof: -0.666704 0.000000 -0.745323
Up: 0.000000 1.000000 0.000000
Right: 0.745323 0.000000 -0.666704
Dele:5fence_01
Translation: -2979.811035,-384.466003,7171.816895
Dof: -0.468419 0.000000 -0.883507
Up: 0.000000 1.000000 0.000000
Right: 0.883507 0.000000 -0.468419
Dele:tank2_01
Translation: -2679.263916,-409.480255,5192.771484
Dof: 0.746434 0.000000 0.665460
Up: 0.000000 1.000000 0.000000
Right: -0.665460 0.000000 0.746434
Dele:tank2_01
Translation: -2784.958984,-409.480255,5098.542480
Dof: 0.746434 0.000000 0.665460
Up: 0.000000 1.000000 0.000000
Right: -0.665460 0.000000 0.746434
Dele:car_01
Translation: -2394.006104,-406.902344,5119.777832
Dof: 0.680748 0.000000 -0.732517
Up: 0.000000 1.000000 0.000000
Right: 0.732517 0.000000 0.680748
Dele:car_01
Translation: -2364.849365,-406.902344,5088.401855
Dof: 0.667970 0.000000 -0.744188
Up: 0.000000 1.000000 0.000000
Right: 0.744188 0.000000 0.667970
Dele:car2_01
Translation: -2356.038818,-416.902344,5100.052734
Dof: 0.680748 0.000000 -0.732517
Up: 0.000000 1.000000 0.000000
Right: 0.732517 0.000000 0.680748
Dele:car2_01
Translation: -2383.949463,-416.902344,5130.085938
Dof: 0.680748 0.000000 -0.732517
Up: 0.000000 1.000000 0.000000
Right: 0.732517 0.000000 0.680748
Dele:nbarack_01
Translation: -2323.146973,-387.457550,6951.111328
Dof: 0.973853 0.000000 0.227178
Up: 0.000000 1.000000 0.000000
Right: -0.227178 0.000000 0.973853
Dele:fact_01
Translation: -2502.905518,-401.526306,5087.190430
Dof: -0.723400 0.000000 -0.690429
Up: 0.000000 1.000000 0.000000
Right: 0.690429 0.000000 -0.723400
Dele:fact_01
Translation: -2618.236572,-384.122101,5213.775879
Dof: -0.723400 0.000000 -0.690429
Up: 0.000000 1.000000 0.000000
Right: 0.690429 0.000000 -0.723400
Dele:tank2_01
Translation: -2695.933105,-419.238800,5343.296875
Dof: 0.728034 0.000000 0.685541
Up: 0.000000 1.000000 0.000000
Right: -0.685541 0.000000 0.728034
Dele:tank2_01
Translation: -2832.488281,-419.239105,5213.958496
Dof: 0.728034 0.000000 0.685541
Up: 0.000000 1.000000 0.000000
Right: -0.685541 0.000000 0.728034
Dele:tank2_01
Translation: -2838.128662,-416.005341,5227.389648
Dof: 0.709994 0.000000 0.704207
Up: 0.000000 1.000000 0.000000
Right: -0.704207 0.000000 0.709994
Dele:tank2_01
Translation: -2706.069580,-416.005341,5358.372070
Dof: 0.709994 0.000000 0.704207
Up: 0.000000 1.000000 0.000000
Right: -0.704207 0.000000 0.709994
Dele:truck_01
Translation: -2295.816406,-413.082977,5250.288086
Dof: 0.702267 0.000000 -0.711913
Up: 0.000000 1.000000 0.000000
Right: 0.711913 0.000000 0.702267
Dele:nhangar_01
Translation: -2201.231445,-387.229065,6911.775879
Dof: 0.971100 0.000000 0.238674
Up: 0.000000 1.000000 0.000000
Right: -0.238674 0.000000 0.971100
Dele:nhangar_01
Translation: -2573.052490,-385.229675,6820.286621
Dof: 0.971100 0.000000 0.238674
Up: 0.000000 1.000000 0.000000
Right: -0.238674 0.000000 0.971100
Dele:plane_01
Translation: -2576.406738,-402.927094,6832.497559
Dof: -0.970640 0.000000 -0.240535
Up: 0.000000 1.000000 0.000000
Right: 0.240535 0.000000 -0.970640
Dele:plane_01
Translation: -2207.229248,-405.040405,6926.217285
Dof: -0.970640 0.000000 -0.240535
Up: 0.000000 1.000000 0.000000
Right: 0.240535 0.000000 -0.970640
Dele:plane_01
Translation: -2189.616211,-407.402344,6856.952637
Dof: -0.966660 0.000000 -0.256061
Up: 0.000000 1.000000 0.000000
Right: 0.256061 0.000000 -0.966661
Dele:plane_01
Translation: -2561.489746,-402.897736,6770.015625
Dof: -0.966660 0.000000 -0.256061
Up: 0.000000 1.000000 0.000000
Right: 0.256061 0.000000 -0.966661
Dele:tank2_01
Translation: -2326.441650,-416.082977,5286.903320
Dof: 0.692402 0.000000 -0.721512
Up: 0.000000 1.000000 0.000000
Right: 0.721512 0.000000 0.692402
Dele:tank2_01
Translation: -2305.274902,-420.682953,5291.989746
Dof: 0.661507 0.000000 -0.749939
Up: 0.000000 1.000000 0.000000
Right: 0.749939 0.000000 0.661507
Dele:truck_01
Translation: -2242.126221,-402.991730,5971.835449
Dof: -0.236645 0.000000 0.971596
Up: 0.000000 1.000000 0.000000
Right: -0.971596 0.000000 -0.236645
Dele:truck_01
Translation: -2220.540283,-403.222290,5883.213379
Dof: -0.236645 0.000000 0.971596
Up: 0.000000 1.000000 0.000000
Right: -0.971596 0.000000 -0.236645
Dele:car2_01
Translation: -1875.815063,-407.923645,7182.847168
Dof: -0.221043 0.000000 0.975264
Up: 0.000000 1.000000 0.000000
Right: -0.975264 0.000000 -0.221043
Dele:car2_01
Translation: -1862.519775,-406.076965,7125.717773
Dof: -0.221043 0.000000 0.975264
Up: 0.000000 1.000000 0.000000
Right: -0.975264 0.000000 -0.221043
Dele:car2_01
Translation: -1847.210693,-403.935547,7059.376953
Dof: -0.221043 0.000000 0.975264
Up: 0.000000 1.000000 0.000000
Right: -0.975264 0.000000 -0.221043
Name:motorcyc_01
Translation: -1616.151245,-405.041077,5860.693359
Dof: 0.977717 0.000000 0.209929
Up: 0.000000 1.000000 0.000000
Right: -0.209929 0.000000 0.977717
Name:motorcyc_01
Translation: -1663.352905,-405.131287,5849.368652
Dof: 0.975864 0.000000 0.218381
Up: 0.000000 1.000000 0.000000
Right: -0.218381 0.000000 0.975864
Dele:jbmur_01
Translation: -3274.793701,-385.601624,5661.422852
Dof: 0.031877 0.000000 -0.999492
Up: 0.000000 1.000000 0.000000
Right: 0.999492 0.000000 0.031877
Dele:jbmur_01
Translation: -3319.998779,-385.708832,5686.460449
Dof: 0.014576 0.000000 -0.999894
Up: 0.000000 1.000000 0.000000
Right: 0.999894 0.000000 0.014576
Dele:jbmur_01
Translation: -3311.454590,-401.622162,5767.674316
Dof: 0.005924 0.000000 -0.999982
Up: 0.000000 1.000000 0.000000
Right: 0.999982 0.000000 0.005924
Dele:jbmur_01
Translation: -3318.527344,-402.245605,6965.899414
Dof: 0.005924 0.000000 -0.999982
Up: 0.000000 1.000000 0.000000
Right: 0.999982 0.000000 0.005924
Dele:jbmur_01
Translation: -3322.063477,-402.248566,7563.888672
Dof: 0.005924 0.000000 -0.999982
Up: 0.000000 1.000000 0.000000
Right: 0.999982 0.000000 0.005924
Dele:fact_01
Translation: -3201.553955,-383.918274,7041.574707
Dof: 0.999356 0.000000 0.035882
Up: 0.000000 1.000000 0.000000
Right: -0.035882 0.000000 0.999356
Dele:fact_01
Translation: -3717.412598,-384.834595,6766.134277
Dof: 0.990076 0.000000 0.140534
Up: 0.000000 1.000000 0.000000
Right: -0.140534 0.000000 0.990076
Name:sb_01
Translation: -3578.433838,-672.844421,4007.643799
Dof: 0.695869 0.000000 0.718169
Up: 0.000000 1.000000 0.000000
Right: -0.718169 0.000000 0.695869
Dele:sb_01
Translation: -3532.432129,-673.051208,4022.275879
Dof: 0.982891 0.000000 -0.184190
Up: 0.000000 1.000000 0.000000
Right: 0.184190 0.000000 0.982891
Dele:sb_01
Translation: -3591.700928,-672.831604,3961.635010
Dof: -0.206634 0.000000 0.978418
Up: 0.000000 1.000000 0.000000
Right: -0.978418 0.000000 -0.206634
Dele:gggun_01
Translation: -3546.781738,-673.831665,3973.445068
Dof: 0.714275 0.000000 0.699865
Up: 0.000000 1.000000 0.000000
Right: -0.699865 0.000000 0.714275
Name:sb_01
Translation: -3338.673584,-667.490784,-3641.940918
Dof: -0.669396 0.000000 0.742905
Up: 0.000000 1.000000 0.000000
Right: -0.742905 0.000000 -0.669396
Name:sb_01
Translation: -3303.137207,-667.491760,-3659.590820
Dof: -0.998750 0.000000 0.049978
Up: 0.000000 1.000000 0.000000
Right: -0.049978 0.000000 -0.998750
Name:sb_01
Translation: -3350.812988,-667.271484,-3604.611084
Dof: 0.131499 0.000000 0.991316
Up: 0.000000 1.000000 0.000000
Right: -0.991316 0.000000 0.131499
Name:gggun_01
Translation: -3300.408936,-667.965515,-3605.751465
Dof: -0.637624 0.000000 0.770348
Up: 0.000000 1.000000 0.000000
Right: -0.770348 0.000000 -0.637624
Name:sb_01
Translation: -3541.647705,-672.850647,4022.556152
Dof: 0.999909 0.000000 -0.013471
Up: 0.000000 1.000000 0.000000
Right: 0.013471 0.000000 0.999909
Name:sb_01
Translation: -3592.706299,-673.234131,3971.614502
Dof: 0.000812 0.000000 1.000000
Up: 0.000000 1.000000 0.000000
Right: -1.000000 0.000000 0.000812
Name:gggun_01
Translation: -3540.161865,-673.622070,3971.037598
Dof: 0.715169 0.000000 0.698951
Up: 0.000000 1.000000 0.000000
Right: -0.698951 0.000000 0.715169
Name:tstation_01
Translation: -5710.063965,-16.057533,9485.382813
Dof: 0.829702 0.000000 0.558206
Up: 0.000000 1.000000 0.000000
Right: -0.558206 0.000000 0.829702
Dele:box_01
Translation: -5985.841309,-28.057575,9359.786133
Dof: -0.870929 0.000000 -0.491409
Up: 0.000000 1.000000 0.000000
Right: 0.491409 0.000000 -0.870929
dele:battleshipa_01
Translation: -5757.318359,-98.457573,9732.805664
Dof: 0.581255 0.000000 -0.813721
Up: 0.000000 1.000000 0.000000
Right: 0.813721 0.000000 0.581255
Dele:battleshipa_01
Translation: -7641.615234,-123.295410,9730.823242
Dof: 0.999008 0.000000 0.044527
Up: 0.000000 1.000000 0.000000
Right: -0.044527 0.000000 0.999008
Dele:truck_01
Translation: -5733.571777,-43.457565,9506.282227
Dof: -0.817519 0.000000 -0.575902
Up: 0.000000 1.000000 0.000000
Right: 0.575902 0.000000 -0.817519
Dele:truck_01
Translation: -5706.693359,-43.457565,9477.616211
Dof: -0.817519 0.000000 -0.575902
Up: 0.000000 1.000000 0.000000
Right: 0.575902 0.000000 -0.817519
Name:tstation_01
Translation: -5608.472168,-17.457630,-4227.795898
Dof: -0.229471 0.000000 -0.973316
Up: 0.000000 1.000000 0.000000
Right: 0.973316 0.000000 -0.229471
Dele:battleshipa_01
Translation: -7843.803223,-113.585556,-6112.054688
Dof: -0.999839 0.000000 0.017944
Up: 0.000000 1.000000 0.000000
Right: -0.017944 0.000000 -0.999839
dele:battleshipa_01
Translation: -5831.168457,-91.257645,-4379.900879
Dof: -0.972388 0.000000 0.233370
Up: 0.000000 1.000000 0.000000
Right: -0.233370 0.000000 -0.972388
Dele:amobuil_01
Translation: -2943.804443,-386.584930,6419.079590
Dof: -0.084338 0.000000 0.996437
Up: 0.000000 1.000000 0.000000
Right: -0.996437 0.000000 -0.084338
Dele:amobuil_01
Translation: -3147.457275,-386.445099,5942.523926
Dof: -0.039885 0.000000 0.999204
Up: 0.000000 1.000000 0.000000
Right: -0.999204 0.000000 -0.039885
Dele:amobuil_01
Translation: -2878.277100,-386.258362,5728.461914
Dof: -0.999466 0.000000 0.032688
Up: 0.000000 1.000000 0.000000
Right: -0.032688 0.000000 -0.999466
Dele:amobuil_01
Translation: -2892.529297,-385.776062,5760.322754
Dof: -0.999611 0.000000 -0.027872
Up: 0.000000 1.000000 0.000000
Right: 0.027872 0.000000 -0.999611
Dele:nbarack_01
Translation: -2654.687500,-385.816101,5654.771973
Dof: -0.160340 0.000000 0.987062
Up: 0.000000 1.000000 0.000000
Right: -0.987062 0.000000 -0.160340
Dele:ghouse_01
Translation: -2767.685059,-402.831940,6643.757324
Dof: 0.974800 0.000000 0.223079
Up: 0.000000 1.000000 0.000000
Right: -0.223079 0.000000 0.974800
Name:ghouse_01
Translation: -2761.118652,-386.842499,6671.469238
Dof: 0.974800 0.000000 0.223079
Up: 0.000000 1.000000 0.000000
Right: -0.223079 0.000000 0.974800
Dele:sb_01
Translation: -2518.518799,-387.405701,6038.520020
Dof: 0.192520 0.000000 -0.981293
Up: 0.000000 1.000000 0.000000
Right: 0.981293 0.000000 0.192520
Name:sb_01
Translation: -3011.245605,-387.071930,5748.645508
Dof: -0.930878 0.000000 0.365329
Up: 0.000000 1.000000 0.000000
Right: -0.365329 0.000000 -0.930878
Name:sb_01
Translation: -2972.053467,-387.068268,5744.313965
Dof: -0.988191 0.000000 -0.153227
Up: 0.000000 1.000000 0.000000
Right: 0.153227 0.000000 -0.988191
Name:sb_01
Translation: -3043.724365,-387.070618,5773.159668
Dof: -0.606528 0.000000 0.795062
Up: 0.000000 1.000000 0.000000
Right: -0.795062 0.000000 -0.606528
Name:sb_01
Translation: -2930.120117,-386.988007,5740.673340
Dof: -0.954301 0.000000 0.298849
Up: 0.000000 1.000000 0.000000
Right: -0.298849 0.000000 -0.954301
Name:gggun_01
Translation: -2992.090576,-386.916748,5792.371094
Dof: -0.907595 0.000000 0.419848
Up: 0.000000 1.000000 0.000000
Right: -0.419848 0.000000 -0.907595
Dele:gggun_01
Translation: -1630.369751,-512.482239,6553.000977
Dof: 0.999119 0.000000 0.041973
Up: 0.000000 1.000000 0.000000
Right: -0.041973 0.000000 0.999119
Dele:nbarack_01
Translation: -2378.952881,-385.616547,-5734.054688
Dof: 0.025348 0.000000 -0.999679
Up: 0.000000 1.000000 0.000000
Right: 0.999679 0.000000 0.025348
Dele:nhangar_01
Translation: -1378.321289,-384.997650,-5496.358398
Dof: 0.985716 0.000000 0.168414
Up: 0.000000 1.000000 0.000000
Right: -0.168414 0.000000 0.985716
Dele:nhangar_01
Translation: -1684.879028,-384.997650,-5548.735352
Dof: 0.985716 0.000000 0.168414
Up: 0.000000 1.000000 0.000000
