Name:pbridge_01
Translation: -5084.19,142.438,-1467.77
Dof: 1.0 0.0 0.0
Up: 0.0 1.0 0.0
Right: 0.0 0.0 1.0
Dele:cwall1_07
Translation: -7475.21,-411.574,310.408
Dof: -1.68587e-007 0.0 1.0
Up: 0.0 1.0 0.0
Right: -1.0 0.0 -1.68587e-007
Dele:cwallb1_01
Translation: -7464.53,-411.574,-241.483
Dof: 1.68587e-007 0.0 1.0
Up: 0.0 1.0 0.0
Right: -1.0 0.0 1.68587e-007
Dele:cwallb1_01s
Translation: -7159.57,-411.576,-351.944
Dof: 1.68587e-007 0.0 1.0
Up: 0.0 1.0 0.0
Right: -1.0 0.0 1.68587e-007
Dele:cwalla1_03
Translation: -7475.21,-411.574,543.38
Dof: 0.0 0.0 1.0
Up: 0.0 1.0 0.0
Right: -1.0 0.0 0.0
Dele:cwall1_10
Translation: -7475.21,-411.574,230.408
Dof: -1.68587e-007 0.0 1.0
Up: 0.0 1.0 0.0
Right: -1.0 0.0 -1.68587e-007
Dele:cwall1_11
Translation: -7475.21,-411.574,-84.0192
Dof: -1.68587e-007 0.0 1.0
Up: 0.0 1.0 0.0
Right: -1.0 0.0 -1.68587e-007
Dele:cwall1_12
Translation: -7475.21,-411.574,388.542
Dof: -1.68587e-007 0.0 1.0
Up: 0.0 1.0 0.0
Right: -1.0 0.0 -1.68587e-007
Dele:cwall1_13
Translation: -7475.21,-411.574,464.823
Dof: -1.68587e-007 0.0 1.0
Up: 0.0 1.0 0.0
Right: -1.0 0.0 -1.68587e-007
Dele:cwall1_14
Translation: -7475.21,-411.574,-162.521
Dof: -1.68587e-007 0.0 1.0
Up: 0.0 1.0 0.0
Right: -1.0 0.0 -1.68587e-007
Dele:cwall90_07
Translation: -7369.98,-411.574,-162.299
Dof: -1.0 0.0 1.68587e-007
Up: 0.0 1.0 0.0
Right: -1.68587e-007 0.0 -1.0
Dele:cwall90_08
Translation: -7290.61,-411.574,-162.318
Dof: 0.0 0.0 1.0
Up: 0.0 1.0 0.0
Right: -1.0 0.0 0.0
Dele:cwall92_05
Translation: -7400.84,-411.574,-241.32
Dof: -1.0 0.0 1.68587e-007
Up: 0.0 1.0 0.0
Right: -1.68587e-007 0.0 -1.0
Dele:cwall92_06
Translation: -7259.63,-411.574,-241.463
Dof: 0.0 0.0 1.0
Up: 0.0 1.0 0.0
Right: -1.0 0.0 0.0
Dele:ramp_03
Translation: -7330.3,-449.214,-227.887
Dof: -1.0 0.0 1.5397e-007
Up: 0.0 0.882948 0.469472
Right: -1.63471e-007 -0.469472 -0.882948
Dele:cwall1_15
Translation: -7475.21,-411.574,72.7631
Dof: -1.68587e-007 0.0 1.0
Up: 0.0 1.0 0.0
Right: -1.0 0.0 -1.68587e-007
Dele:cwall1_16
Translation: -7475.21,-411.574,-5.73897
Dof: -1.68587e-007 0.0 1.0
Up: 0.0 1.0 0.0
Right: -1.0 0.0 -1.68587e-007
Dele:cwall1_17
Translation: -7475.21,-411.574,151.531
Dof: -1.68587e-007 0.0 1.0
Up: 0.0 1.0 0.0
Right: -1.0 0.0 -1.68587e-007
Dele:cwall90_09
Translation: -7179.86,-411.574,-272.315
Dof: 0.0 0.0 1.0
Up: 0.0 1.0 0.0
Right: -1.0 0.0 0.0
Name:nHangar_01
Translation: -7353.86,-815.196,4068.48
Dof: -0.00464725 0.0 0.532524
Up: 0.0 0.410914 0.0
Right: -0.288631 0.0 -0.00251884
Name:nHangar_02
Translation: -7354.33,-815.196,4323.15
Dof: 0.0 0.0 0.532544
Up: 0.0 0.410914 0.0
Right: -0.288642 0.0 0.0
Name:plane4_01
Translation: -7031.77,-819.169,4897.86
Dof: -6.23288 -1.85761e-007 -0.0543937
Up: 1.90618e-007 -6.23312 5.55642e-007
Right: 0.0543937 5.57284e-007 -6.23288
Name:plane4_02
Translation: -6822.29,-819.169,4897.12
Dof: -6.23288 -1.85761e-007 -0.0543937
Up: 1.90618e-007 -6.23312 5.55642e-007
Right: 0.0543937 5.57284e-007 -6.23288
Dele:pbridge_02
Translation: -872.35,-189.14,3330.09
Dof: 0.984808 0.0 -0.173648
Up: 0.0 1.0 0.0
Right: 0.173648 0.0 0.984808
Dele:pbridge_03
Translation: -85.1255,-189.14,3191.29
Dof: 0.984808 0.0 -0.173648
Up: 0.0 1.0 0.0
Right: 0.173648 0.0 0.984808
Dele:pbridge_04
Translation: 702.117,-189.14,3052.47
Dof: 0.984808 0.0 -0.173648
Up: 0.0 1.0 0.0
Right: 0.173648 0.0 0.984808
Name:pbridge_05
Translation: -8529.65,-245.16,897.952
Dof: 0.0 0.0 1.0
Up: 0.0 1.0 0.0
Right: -1.0 0.0 0.0
Name:pbridge_06
Translation: -8529.65,-245.16,1695.23
Dof: 0.0 0.0 1.0
Up: 0.0 1.0 0.0
Right: -1.0 0.0 0.0
Name:pbridge_07
Translation: -8529.65,-245.16,3290.07
Dof: 0.0 0.0 1.0
Up: 0.0 1.0 0.0
Right: -1.0 0.0 0.0
Name:pbridge_08
Translation: -8529.65,-245.16,2492.78
Dof: 0.0 0.0 1.0
Up: 0.0 1.0 0.0
Right: -1.0 0.0 0.0
Name:fence_01
Translation: -6695.29,-815.22,5053.84
Dof: -0.0174524 0.0 0.999848
Up: 0.0 1.0 0.0
Right: -0.999848 0.0 -0.0174524
Name:fence_02
Translation: -6694.21,-815.22,4923.41
Dof: 0.0 0.0 1.0
Up: 0.0 1.0 0.0
Right: -1.0 0.0 0.0
Name:fence_03
Translation: -6694.35,-815.22,4793.13
Dof: 0.0 0.0 1.0
Up: 0.0 1.0 0.0
Right: -1.0 0.0 0.0
Name:fence_04
Translation: -6694.32,-815.22,4662.66
Dof: 0.0 0.0 1.0
Up: 0.0 1.0 0.0
Right: -1.0 0.0 0.0
Name:fence_05
Translation: -6694.34,-815.22,4532.45
Dof: 0.0 0.0 1.0
Up: 0.0 1.0 0.0
Right: -1.0 0.0 0.0
Name:fence_06
Translation: -6694.45,-815.22,4402.16
Dof: 0.0 0.0 1.0
Up: 0.0 1.0 0.0
Right: -1.0 0.0 0.0
Name:fence_07
Translation: -6693.91,-815.22,4271.93
Dof: 0.0 0.0 1.0
Up: 0.0 1.0 0.0
Right: -1.0 0.0 0.0
Name:fence_08
Translation: -6693.88,-815.22,4141.4
Dof: 0.0 0.0 1.0
Up: 0.0 1.0 0.0
Right: -1.0 0.0 0.0
Name:fence_09
Translation: -6694.0,-815.22,4011.3
Dof: 0.0 0.0 1.0
Up: 0.0 1.0 0.0
Right: -1.0 0.0 0.0
Name:fence_10
Translation: -6694.11,-815.22,3881.39
Dof: 0.0 0.0 1.0
Up: 0.0 1.0 0.0
Right: -1.0 0.0 0.0
Name:fence_11
Translation: -6694.26,-815.22,3751.36
Dof: 0.0 0.0 1.0
Up: 0.0 1.0 0.0
Right: -1.0 0.0 0.0
Name:fence_12
Translation: -6694.12,-815.22,3621.35
Dof: 0.0 0.0 1.0
Up: 0.0 1.0 0.0
Right: -1.0 0.0 0.0
Name:fence_13
Translation: -6694.32,-815.22,3490.97
Dof: 0.0 0.0 1.0
Up: 0.0 1.0 0.0
Right: -1.0 0.0 0.0
Name:fence_14
Translation: -6694.48,-815.22,3361.2
Dof: 0.0 0.0 1.0
Up: 0.0 1.0 0.0
Right: -1.0 0.0 0.0
Name:fence_15
Translation: -6694.45,-815.22,3231.05
Dof: 0.0 0.0 1.0
Up: 0.0 1.0 0.0
Right: -1.0 0.0 0.0
Name:fence_16
Translation: -6694.45,-815.22,3100.38
Dof: 0.0 0.0 1.0
Up: 0.0 1.0 0.0
Right: -1.0 0.0 0.0
Name:fence_17
Translation: -6694.31,-815.22,2970.52
Dof: 0.0 0.0 1.0
Up: 0.0 1.0 0.0
Right: -1.0 0.0 0.0
Name:fence_18
Translation: -6694.45,-815.22,2840.16
Dof: 0.0 0.0 1.0
Up: 0.0 1.0 0.0
Right: -1.0 0.0 0.0
Name:fence_19
Translation: -6694.43,-815.22,2710.25
Dof: 0.0 0.0 1.0
Up: 0.0 1.0 0.0
Right: -1.0 0.0 0.0
Name:fence_20
Translation: -6694.66,-815.22,2579.36
Dof: 0.0 0.0 1.0
Up: 0.0 1.0 0.0
Right: -1.0 0.0 0.0
Name:fence_21
Translation: -6694.68,-815.22,2449.46
Dof: 0.0 0.0 1.0
Up: 0.0 1.0 0.0
Right: -1.0 0.0 0.0
Name:fence_22
Translation: -6694.66,-815.22,2318.88
Dof: 0.0 0.0 1.0
Up: 0.0 1.0 0.0
Right: -1.0 0.0 0.0
Name:fence_23
Translation: -6694.8,-815.22,2188.87
Dof: 0.0 0.0 1.0
Up: 0.0 1.0 0.0
Right: -1.0 0.0 0.0
Name:fence_24
Translation: -6694.65,-815.22,2058.52
Dof: 0.0 0.0 1.0
Up: 0.0 1.0 0.0
Right: -1.0 0.0 0.0
Name:fence_25
Translation: -6761.1,-815.22,5119.78
Dof: -0.999962 0.0 0.00872647
Up: 0.0 1.0 0.0
Right: -0.00872647 0.0 -0.999962
Name:fence_26
Translation: -6892.21,-815.22,5119.78
Dof: -0.999962 0.0 0.00872647
Up: 0.0 1.0 0.0
Right: -0.00872647 0.0 -0.999962
Name:fence_27
Translation: -7022.83,-815.22,5119.78
Dof: -0.999962 0.0 0.00872647
Up: 0.0 1.0 0.0
Right: -0.00872647 0.0 -0.999962

Name:ghouse_01
Translation: -7310.128418,-816.465698,4625.281738
Dof: -0.034125 0.000000 0.999418
Up: 0.000000 1.000000 0.000000
Right: -0.999418 0.000000 -0.034125
Name:plane_01
Translation: -7292.283691,-835.688049,4321.222656
Dof: 0.027393 0.000000 -0.999625
Up: 0.000000 1.000000 0.000000
Right: 0.999625 0.000000 0.027393
Name:plane_01
Translation: -7285.040039,-840.771973,4067.258301
Dof: 0.027393 0.000000 -0.999625
Up: 0.000000 1.000000 0.000000
Right: 0.999625 0.000000 0.027393
Dele:amobuil_01
Translation: 177.293365,-148.569778,-111.559357
Dof: 0.025157 0.000000 0.999684
Up: 0.000000 1.000000 0.000000
Right: -0.999684 0.000000 0.025157
Name:amobuil_01
Translation: 572.617676,-148.569778,226.796936
Dof: 0.999995 0.000000 -0.003208
Up: 0.000000 1.000000 0.000000
Right: 0.003208 0.000000 0.999995
Dele:tank_01
Translation: 649.023010,-161.569763,-43.680328
Dof: -0.009451 0.000000 0.999955
Up: 0.000000 1.000000 0.000000
Right: -0.999955 0.000000 -0.009451
Dele:tank_01
Translation: 650.553711,-161.569778,-205.773788
Dof: -0.009451 0.000000 0.999955
Up: 0.000000 1.000000 0.000000
Right: -0.999955 0.000000 -0.009451
Dele:tank_01
Translation: 177.357391,-161.569763,-214.078506
Dof: -0.017145 0.000000 -0.999853
Up: 0.000000 1.000000 0.000000
Right: 0.999853 0.000000 -0.017145
Dele:gggun_01
Translation: -1066.677734,-536.883911,4273.487305
Dof: 0.856722 0.000000 0.515779
Up: 0.000000 1.000000 0.000000
Right: -0.515779 0.000000 0.856722
Dele:gggun_01
Translation: -639.894409,-497.668457,-1191.758789
Dof: 0.051095 0.000000 0.998694
Up: 0.000000 1.000000 0.000000
Right: -0.998694 0.000000 0.051095
Dele:plane3_01
Translation: -161.088242,-165.267517,2800.250732
Dof: 0.669909 0.000000 -0.742443
Up: 0.000000 1.000000 0.000000
Right: 0.742443 0.000000 0.669909
Name:rtable_01
Translation: 581.774109,-150.926315,244.047180
Dof: -0.028683 0.000000 -0.999589
Up: 0.000000 1.000000 0.000000
Right: 0.999589 0.000000 -0.028683
Name:rstol_01
Translation: 583.773804,-151.926315,261.643463
Dof: -0.412718 0.000000 -0.910859
Up: 0.000000 1.000000 0.000000
Right: 0.910859 0.000000 -0.412718

Name:hylla_01
Translation: 548.065063,-150.426315,284.547913
Dof: 0.999850 0.000000 -0.017305
Up: 0.000000 1.000000 0.000000
Right: 0.017305 0.000000 0.999850
Name:hylla_01
Translation: 547.684448,-150.426315,262.551208
Dof: 0.999850 0.000000 -0.017305
Up: 0.000000 1.000000 0.000000
Right: 0.017305 0.000000 0.999850
Name:fackla_01
Translation: 609.595276,-173.426315,300.093201
Dof: 0.219171 0.000000 -0.975686
Up: 0.000000 1.000000 0.000000
Right: 0.975686 0.000000 0.219171
Name:toolbox_01
Translation: 594.547913,-161.581314,242.607071
Dof: 0.999008 0.000000 -0.044527
Up: 0.000000 1.000000 0.000000
Right: 0.044527 0.000000 0.999008
Name:toolbox_01
Translation: 588.553284,-161.596039,242.874680
Dof: 0.999008 0.000000 -0.044527
Up: 0.000000 1.000000 0.000000
Right: 0.044527 0.000000 0.999008
Name:rtable_01
Translation: -7424.266113,-815.465759,4324.720703
Dof: -0.999914 0.000000 0.013125
Up: 0.000000 1.000000 0.000000
Right: -0.013125 0.000000 -0.999914
Name:hylla_01
Translation: -7429.407715,-819.605347,4099.928223
Dof: -0.997905 0.000000 -0.064704
Up: 0.000000 1.000000 0.000000
Right: 0.064704 0.000000 -0.997905
Name:rtable_01
Translation: -7420.323730,-822.050171,4031.014404
Dof: -0.999769 0.000000 -0.021484
Up: 0.000000 1.000000 0.000000
Right: 0.021484 0.000000 -0.999769
Name:hylla_01
Translation: -7282.805176,-817.810181,4664.962402
Dof: 0.999565 0.000000 0.029495
Up: 0.000000 1.000000 0.000000
Right: -0.029495 0.000000 0.999565
Name:rstol_01
Translation: -7284.341309,-816.810181,4604.663574
Dof: 0.016839 0.000000 -0.999858
Up: 0.000000 1.000000 0.000000
Right: 0.999858 0.000000 0.016839
Name:parachu_01
Translation: -7419.787109,-828.608215,4306.807129
Dof: 0.052996 0.000000 0.998595
Up: 0.000000 1.000000 0.000000
Right: -0.998595 0.000000 0.052996
Dele:car2_01
Translation: 453.566986,-165.069778,263.412323
Dof: -0.065806 0.000000 0.997832
Up: 0.000000 1.000000 0.000000
Right: -0.997832 0.000000 -0.065806
Name:motorcyc_01
Translation: 461.393585,-165.069778,211.547485
Dof: -0.084229 0.000000 0.996446
Up: 0.000000 1.000000 0.000000
Right: -0.996446 0.000000 -0.084229
Dele:shed_01
Translation: -327.166626,-152.083664,2728.000000
Dof: -0.822504 0.000000 -0.568760
Up: 0.000000 1.000000 0.000000
Right: 0.568760 0.000000 -0.822504
Dele:rstol_01
Translation: -346.825165,-154.779953,2715.226318
Dof: -0.563830 0.000000 0.825891
Up: 0.000000 1.000000 0.000000
Right: -0.825891 0.000000 -0.563830
Dele:parachu_01
Translation: -346.687836,-163.413528,2715.423096
Dof: -0.989480 0.000000 -0.144670
Up: 0.000000 1.000000 0.000000
Right: 0.144670 0.000000 -0.989480
Name:toolbox_01
Translation: -361.618134,-160.099457,2748.555664
Dof: -0.605511 0.000000 0.795837
Up: 0.000000 1.000000 0.000000
Right: -0.795837 0.000000 -0.605511
Name:rtable_01
Translation: 178.425003,-150.926315,-148.322937
Dof: -0.999985 0.000000 -0.005457
Up: 0.000000 1.000000 0.000000
Right: 0.005457 0.000000 -0.999985
Name:toolbox_01
Translation: 177.265182,-161.651810,-132.431793
Dof: -0.016493 0.000000 -0.999864
Up: 0.000000 1.000000 0.000000
Right: 0.999864 0.000000 -0.016493
Name:toolbox_01
Translation: 176.763214,-161.623291,-146.276505
Dof: -0.511507 0.000000 -0.859279
Up: 0.000000 1.000000 0.000000
Right: 0.859279 0.000000 -0.511507
Name:toolbox_01
Translation: -7424.382324,-826.179260,4335.632324
Dof: -0.026128 0.000000 0.999659
Up: 0.000000 1.000000 0.000000
Right: -0.999659 0.000000 -0.026128
Name:toolbox_01
Translation: -7418.691895,-833.196777,4027.022217
Dof: 0.719621 0.000000 0.694367
Up: 0.000000 1.000000 0.000000
Right: -0.694367 0.000000 0.719621
Name:hylla_01
Translation: 106.775299,-151.426315,-121.618820
Dof: -1.000000 0.000000 0.000639
Up: 0.000000 1.000000 0.000000
Right: -0.000639 0.000000 -1.000000
Name:aagun3_01
Translation: -1020.853577,-397.867950,3350.443604
Dof: -0.492374 0.000000 0.870384
Up: 0.000000 1.000000 0.000000
Right: -0.870384 0.000000 -0.492374
Dele:aagun3_01
Translation: 234.991943,-149.569763,196.451584
Dof: 0.821939 0.000000 0.569575
Up: 0.000000 1.000000 0.000000
Right: -0.569575 0.000000 0.821939
Name:rockets_01
Translation: 548.944275,-161.826309,257.240845
Dof: -0.038608 0.000000 -0.999254
Up: 0.000000 1.000000 0.000000
Right: 0.999254 0.000000 -0.038608
Name:rockets_01
Translation: 549.376892,-161.826309,279.118561
Dof: -0.038608 0.000000 -0.999254
Up: 0.000000 1.000000 0.000000
Right: 0.999254 0.000000 -0.038608
Name:rockets_01
Translation: 546.234558,-161.826309,266.975220
Dof: -0.359211 0.000000 0.933256
Up: 0.000000 1.000000 0.000000
Right: -0.933256 0.000000 -0.359211
Name:rockets_01
Translation: 546.451538,-161.826309,289.438171
Dof: 0.013299 0.000000 0.999912
Up: 0.000000 1.000000 0.000000
Right: -0.999912 0.000000 0.013299
Name:rockets_01
Translation: 105.162697,-162.826309,-125.949310
Dof: -0.021310 0.000000 0.999773
Up: 0.000000 1.000000 0.000000
Right: -0.999773 0.000000 -0.021310
Name:rockets_01
Translation: 105.168579,-162.826309,-116.736000
Dof: -0.021310 0.000000 0.999773
Up: 0.000000 1.000000 0.000000
Right: -0.999773 0.000000 -0.021310
Name:rockets_01
Translation: -7431.222656,-831.032776,4095.544189
Dof: -0.038608 0.000000 0.999254
Up: 0.000000 1.000000 0.000000
Right: -0.999254 0.000000 -0.038608
Name:rockets_01
Translation: -7431.569824,-830.822021,4104.519043
Dof: -0.038608 0.000000 0.999254
Up: 0.000000 1.000000 0.000000
Right: -0.999254 0.000000 -0.038608
Name:rockets_01
Translation: -7421.329102,-826.711792,4315.501953
Dof: 0.012020 0.000000 0.999928
Up: 0.000000 1.000000 0.000000
Right: -0.999928 0.000000 0.012020
Name:rockets_01
Translation: -7421.186523,-826.465759,4327.629883
Dof: 0.012020 0.000000 0.999928
Up: 0.000000 1.000000 0.000000
Right: -0.999928 0.000000 0.012020
Name:rockets_01
Translation: -7118.769531,-822.935059,4873.371582
Dof: -0.054618 0.000000 -0.998507
Up: 0.000000 1.000000 0.000000
Right: 0.998507 0.000000 -0.054618
Name:rockets_01
Translation: -7117.898438,-823.597412,4889.248535
Dof: -0.054618 0.000000 -0.998507
Up: 0.000000 1.000000 0.000000
Right: 0.998507 0.000000 -0.054618
Name:rockets_01
Translation: -7117.027344,-824.259766,4905.125488
Dof: -0.054618 0.000000 -0.998507
Up: 0.000000 1.000000 0.000000
Right: 0.998507 0.000000 -0.054618
Name:rockets_01
Translation: -7116.156250,-824.922058,4921.002441
Dof: -0.054618 0.000000 -0.998507
Up: 0.000000 1.000000 0.000000
Right: 0.998507 0.000000 -0.054618
Name:rockets_01
Translation: -6902.265137,-816.342773,4888.697266
Dof: -0.054618 0.000000 -0.998507
Up: 0.000000 1.000000 0.000000
Right: 0.998507 0.000000 -0.054618
Name:rockets_01
Translation: -6901.370605,-816.963806,4904.490234
Dof: -0.054618 0.000000 -0.998507
Up: 0.000000 1.000000 0.000000
Right: 0.998507 0.000000 -0.054618
Name:rockets_01
Translation: -6900.359863,-817.662048,4922.251953
Dof: -0.054618 0.000000 -0.998507
Up: 0.000000 1.000000 0.000000
Right: 0.998507 0.000000 -0.054618
Name:rockets_01
Translation: -6899.462402,-818.282837,4938.041992
Dof: -0.054618 0.000000 -0.998507
Up: 0.000000 1.000000 0.000000
Right: 0.998507 0.000000 -0.054618
Name:rockets_01
Translation: -336.075897,-159.644852,2765.077148
Dof: -0.582813 0.000000 0.812606
Up: 0.000000 1.000000 0.000000
Right: -0.812606 0.000000 -0.582813
Name:rockets_01
Translation: -333.265259,-158.478867,2756.143799
Dof: 0.069977 0.000000 0.997549
Up: 0.000000 1.000000 0.000000
Right: -0.997549 0.000000 0.069977
Name:amopack_01
Translation: -325.057983,-157.725113,2747.427979
Dof: 0.861322 0.000000 0.508059
Up: 0.000000 1.000000 0.000000
Right: -0.508059 0.000000 0.861322
Name:amopack_01
Translation: -317.822876,-157.725113,2751.695557
Dof: 0.861322 0.000000 0.508059
Up: 0.000000 1.000000 0.000000
Right: -0.508059 0.000000 0.861322
Name:amopack_01
Translation: -314.368073,-156.525116,2745.838623
Dof: 0.861322 0.000000 0.508059
Up: 0.000000 1.000000 0.000000
Right: -0.508059 0.000000 0.861322
Name:amopack_01
Translation: -321.603180,-156.525116,2741.571045
Dof: 0.861322 0.000000 0.508059
Up: 0.000000 1.000000 0.000000
Right: -0.508059 0.000000 0.861322
Name:amopack_01
Translation: 547.643250,-152.826324,289.744171
Dof: -0.017479 0.000000 -0.999847
Up: 0.000000 1.000000 0.000000
Right: 0.999847 0.000000 -0.017479
Name:amopack_01
Translation: 547.534912,-152.826324,283.545135
Dof: -0.017479 0.000000 -0.999847
Up: 0.000000 1.000000 0.000000
Right: 0.999847 0.000000 -0.017479
Name:amopack_01
Translation: 547.430054,-152.826324,277.546051
Dof: -0.017479 0.000000 -0.999847
Up: 0.000000 1.000000 0.000000
Right: 0.999847 0.000000 -0.017479
Name:amopack_01
Translation: 549.295776,-152.826324,269.244415
Dof: 0.052706 0.000000 0.998610
Up: 0.000000 1.000000 0.000000
Right: -0.998610 0.000000 0.052706
Name:amopack_01
Translation: 548.958435,-152.826324,262.853302
Dof: 0.052706 0.000000 0.998610
Up: 0.000000 1.000000 0.000000
Right: -0.998610 0.000000 0.052706
Name:amopack_01
Translation: 548.642212,-152.826324,256.861633
Dof: 0.052706 0.000000 0.998610
Up: 0.000000 1.000000 0.000000
Right: -0.998610 0.000000 0.052706
Name:amopack_01
Translation: 107.216240,-153.626328,-127.810158
Dof: 0.009467 0.000000 0.999955
Up: 0.000000 1.000000 0.000000
Right: -0.999955 0.000000 0.009467
Name:amopack_01
Translation: 107.274925,-153.626328,-121.610435
Dof: 0.009467 0.000000 0.999955
Up: 0.000000 1.000000 0.000000
Right: -0.999955 0.000000 0.009467
Name:amopack_01
Translation: -7283.452148,-829.110168,4670.325195
Dof: -0.000175 0.000000 -1.000000
Up: 0.000000 1.000000 0.000000
Right: 1.000000 0.000000 -0.000175
Name:amopack_01
Translation: -7281.629395,-829.110168,4658.180664
Dof: 0.998844 0.000000 -0.048066
Up: 0.000000 1.000000 0.000000
Right: 0.048066 0.000000 0.998844
Name:amopack_01
Translation: -7282.963867,-829.110168,4663.832031
Dof: -0.172365 0.000000 -0.985033
Up: 0.000000 1.000000 0.000000
Right: 0.985033 0.000000 -0.172365
Name:amopack_01
Translation: -7422.953613,-816.265747,4353.495605
Dof: -0.010395 0.000000 0.999946
Up: 0.000000 1.000000 0.000000
Right: -0.999946 0.000000 -0.010395
Name:amopack_01
Translation: -7418.015137,-816.265747,4352.673340
Dof: -0.891499 0.000000 0.453023
Up: 0.000000 1.000000 0.000000
Right: -0.453023 0.000000 -0.891499
Name:amopack_01
Translation: -7420.345703,-816.265747,4358.594727
Dof: 0.001103 0.000000 -0.999999
Up: 0.000000 1.000000 0.000000
Right: 0.999999 0.000000 0.001103
Name:amopack_01
Translation: -7428.848145,-821.923706,4095.416016
Dof: -0.549259 0.000000 0.835652
Up: 0.000000 1.000000 0.000000
Right: -0.835652 0.000000 -0.549259
Name:amopack_01
Translation: -7430.612305,-821.989807,4106.728516
Dof: -0.998338 0.000000 -0.057633
Up: 0.000000 1.000000 0.000000
Right: 0.057633 0.000000 -0.998338
Name:amopack_01
Translation: -7429.203125,-821.984070,4101.945313
Dof: -0.053633 0.000000 0.998561
Up: 0.000000 1.000000 0.000000
Right: -0.998561 0.000000 -0.053633
Name:fueltank_01
Translation: -7420.468262,-826.665771,4342.674805
Dof: -0.028684 0.000000 0.999589
Up: 0.000000 1.000000 0.000000
Right: -0.999589 0.000000 -0.028684
Name:fueltank_01
Translation: 547.799377,-170.826309,256.747345
Dof: 0.021950 0.000000 -0.999759
Up: 0.000000 1.000000 0.000000
Right: 0.999759 0.000000 0.021950
Name:fueltank_01
Translation: 106.352867,-153.826324,-115.755676
Dof: 0.003367 0.000000 0.999994
Up: 0.000000 1.000000 0.000000
Right: -0.999994 0.000000 0.003367
Name:fueltank_01
Translation: 548.022278,-170.826324,265.716278
Dof: -0.028683 0.000000 -0.999589
Up: 0.000000 1.000000 0.000000
Right: 0.999589 0.000000 -0.028683
Name:fueltank_01
Translation: 548.138428,-170.826324,279.546906
Dof: -0.020033 0.000000 -0.999799
Up: 0.000000 1.000000 0.000000
Right: 0.999799 0.000000 -0.020033
Name:fueltank_01
Translation: 548.298584,-170.826324,287.545258
Dof: -0.020033 0.000000 -0.999799
Up: 0.000000 1.000000 0.000000
Right: 0.999799 0.000000 -0.020033
Name:fueltank_01
Translation: -364.968750,-159.081390,2739.579346
Dof: 0.047732 0.000000 0.998860
Up: 0.000000 1.000000 0.000000
Right: -0.998860 0.000000 0.047732

Name:fueltank_01
Translation: -7329.773926,-828.510193,4590.122559
Dof: -0.999680 0.000000 -0.025317
Up: 0.000000 1.000000 0.000000
Right: 0.025317 0.000000 -0.999680
Name:fueltank_01
Translation: -7329.981445,-828.510193,4598.319824
Dof: -0.999680 0.000000 -0.025317
Up: 0.000000 1.000000 0.000000
Right: 0.025317 0.000000 -0.999680
Name:toolbox_01
Translation: -7335.975098,-828.510193,4583.835449
Dof: -0.013937 0.000000 0.999903
Up: 0.000000 1.000000 0.000000
Right: -0.999903 0.000000 -0.013937
Name:toolbox_01
Translation: -7343.342773,-828.510193,4604.472656
Dof: -0.999379 0.000000 -0.035243
Up: 0.000000 1.000000 0.000000
Right: 0.035243 0.000000 -0.999379
Dele:tank3_01
Translation: -7331.050293,-846.903320,4842.324219
Dof: 0.057809 0.000000 -0.998328
Up: 0.000000 1.000000 0.000000
Right: 0.998328 0.000000 0.057809
Dele:tank3_01
Translation: -7328.252441,-845.834534,4755.649414
Dof: 0.066444 0.000000 -0.997790
Up: 0.000000 1.000000 0.000000
Right: 0.997790 0.000000 0.066444
Dele:gggun_01
Translation: -7438.733398,-817.240784,5084.820313
Dof: 0.746433 0.000000 0.665460
Up: 0.000000 1.000000 0.000000
Right: -0.665460 0.000000 0.746433

Name:fence_01
Translation: 196.819107,-153.239624,1821.551636
Dof: 0.602180 0.000000 0.798360
Up: 0.000000 1.000000 0.000000
Right: -0.798360 0.000000 0.602180
Name:fence_01
Translation: 118.053955,-153.239624,1717.126099
Dof: 0.602180 0.000000 0.798360
Up: 0.000000 1.000000 0.000000
Right: -0.798360 0.000000 0.602180
Name:fence_01
Translation: 275.825134,-153.239624,1926.296509
Dof: 0.602180 0.000000 0.798360
Up: 0.000000 1.000000 0.000000
Right: -0.798360 0.000000 0.602180
Name:fence_01
Translation: 40.926060,-145.769470,1612.546265
Dof: 0.588275 0.000000 0.808661
Up: 0.000000 1.000000 0.000000
Right: -0.808661 0.000000 0.588275
Name:fence_01
Translation: 353.858978,-153.062347,2031.171143
Dof: 0.602181 0.000000 0.798360
Up: 0.000000 1.000000 0.000000
Right: -0.798360 0.000000 0.602181

Dele:sb_01
Translation: 648.284973,-160.069778,360.301208
Dof: 1.000000 0.000000 0.000000
Up: 0.000000 1.000000 0.000000
Right: 0.000000 0.000000 1.000000
Dele:sb_01
Translation: 870.013062,-391.438263,3124.486816
Dof: 0.943175 0.000000 0.332296
Up: 0.000000 1.000000 0.000000
Right: -0.332296 0.000000 0.943175
Dele:sb_01
Translation: 938.110291,-391.438263,3148.478516
Dof: 0.943175 0.000000 0.332296
Up: 0.000000 1.000000 0.000000
Right: -0.332296 0.000000 0.943175
Dele:sb_01
Translation: 993.457703,-391.438263,3163.263916
Dof: 0.954109 0.000000 0.299459
Up: 0.000000 1.000000 0.000000
Right: -0.299459 0.000000 0.954109
Dele:sb_01
Translation: 930.021606,-391.438263,3144.786133
Dof: 0.968364 0.000000 0.249544
Up: 0.000000 1.000000 0.000000
Right: -0.249544 0.000000 0.968364
Dele:sb_01
Translation: 1097.816406,-391.438293,3089.651367
Dof: 0.771460 0.000000 -0.636278
Up: 0.000000 1.000000 0.000000
Right: 0.636278 0.000000 0.771460
Dele:sb_01
Translation: 972.972168,-391.438293,3145.559326
Dof: 0.988289 0.000000 -0.152594
Up: 0.000000 1.000000 0.000000
Right: 0.152594 0.000000 0.988289
Dele:sb_01
Translation: 1040.093506,-391.438263,3129.649658
Dof: 0.908932 0.000000 -0.416945
Up: 0.000000 1.000000 0.000000
Right: 0.416945 0.000000 0.908932
Dele:sb_01
Translation: 1108.696411,-391.438263,3054.202637
Dof: 0.238505 0.000000 -0.971141
Up: 0.000000 1.000000 0.000000
Right: 0.971141 0.000000 0.238505
Dele:sb_01
Translation: 1085.127808,-391.438293,3087.215820
Dof: 0.865192 0.000000 -0.501440
Up: 0.000000 1.000000 0.000000
Right: 0.501440 0.000000 0.865192
Dele:sb_01
Translation: 1077.113892,-391.438293,3091.205078
Dof: 0.938613 0.000000 -0.344971
Up: 0.000000 1.000000 0.000000
Right: 0.344971 0.000000 0.938613
Dele:sb_01
Translation: -1064.987183,-397.667969,3326.104980
Dof: -0.509308 0.000000 0.860584
Up: 0.000000 1.000000 0.000000
Right: -0.860584 0.000000 -0.509308
Dele:sb_01
Translation: -1020.835510,-397.667969,3289.513672
Dof: -0.949789 0.000000 0.312892
Up: 0.000000 1.000000 0.000000
Right: -0.312892 0.000000 -0.949789
Dele:sb_01
Translation: -1073.865601,-397.667969,3384.092773
Dof: 0.199752 0.000000 0.979847
Up: 0.000000 1.000000 0.000000
Right: -0.979847 0.000000 0.199752
Name:sb_01
Translation: -1063.100220,-397.667969,3326.335693
Dof: -0.487916 0.000000 0.872891
Up: 0.000000 1.000000 0.000000
Right: -0.872891 0.000000 -0.487916
Name:sb_01
Translation: -1025.397461,-397.667969,3293.515137
Dof: -0.916266 0.000000 0.400570
Up: 0.000000 1.000000 0.000000
Right: -0.400570 0.000000 -0.916266
Name:sb_01
Translation: -974.867798,-397.667969,3290.331543
Dof: -0.970023 0.000000 -0.243014
Up: 0.000000 1.000000 0.000000
Right: 0.243014 0.000000 -0.970023
Name:sb_01
Translation: -1073.087402,-397.667969,3376.641113
Dof: 0.155924 0.000000 0.987769
Up: 0.000000 1.000000 0.000000
Right: -0.987769 0.000000 0.155924
Dele:sb_01
Translation: 205.404282,-149.669769,239.631958
Dof: 0.822107 0.000000 0.569333
Up: 0.000000 1.000000 0.000000
Right: -0.569333 0.000000 0.822107
Dele:sb_01
Translation: 172.753723,-149.669769,200.275726
Dof: 0.407741 0.000000 0.913098
Up: 0.000000 1.000000 0.000000
Right: -0.913098 0.000000 0.407741
Dele:sb_01
Translation: 165.461868,-149.669769,148.064606
Dof: -0.141970 0.000000 0.989871
Up: 0.000000 1.000000 0.000000
Right: -0.989871 0.000000 -0.141970
Dele:sb_01
Translation: 254.550262,-149.669769,256.400085
Dof: 0.998653 0.000000 0.051893
Up: 0.000000 1.000000 0.000000
Right: -0.051893 0.000000 0.998653
Dele:aagun3_01
Translation: 224.932007,-149.869766,183.367813
Dof: 0.522491 0.000000 0.852645
Up: 0.000000 1.000000 0.000000
Right: -0.852645 0.000000 0.522491
Dele:sb_01
Translation: 215.533890,-165.069763,190.386322
Dof: 0.544446 0.000000 0.838796
Up: 0.000000 1.000000 0.000000
Right: -0.838796 0.000000 0.544446
Dele:sb_01
Translation: 221.552170,-165.069763,147.092468
Dof: -0.752584 0.000000 0.658496
Up: 0.000000 1.000000 0.000000
Right: -0.658496 0.000000 -0.752584
Dele:sb_01
Translation: 258.308899,-165.069748,202.143448
Dof: 0.896675 0.000000 -0.442690
Up: 0.000000 1.000000 0.000000
Right: 0.442690 0.000000 0.896675
Name:sb_01
Translation: 108.141190,-149.669708,261.918091
Dof: 0.667970 0.000000 0.744188
Up: 0.000000 1.000000 0.000000
Right: -0.744188 0.000000 0.667970
Name:sb_01
Translation: 106.367592,-149.669708,211.163101
Dof: -0.614394 0.000000 0.788999
Up: 0.000000 1.000000 0.000000
Right: -0.788999 0.000000 -0.614394
Name:sb_01
Translation: 159.277191,-149.669693,268.592651
Dof: 0.836608 0.000000 -0.547802
Up: 0.000000 1.000000 0.000000
Right: 0.547802 0.000000 0.836608
Name:aagun3_01
Translation: 138.528442,-150.069733,236.784241
Dof: 0.687061 0.000000 0.726600
Up: 0.000000 1.000000 0.000000
Right: -0.726600 0.000000 0.687061
Name:sb_01
Translation: -682.110901,-491.477875,-1189.038208
Dof: 0.004645 0.000000 0.999989
Up: 0.000000 1.000000 0.000000
Right: -0.999989 0.000000 0.004645
Name:sb_01
Translation: -651.355957,-493.839478,-1228.022949
Dof: -0.946222 0.000000 0.323517
Up: 0.000000 1.000000 0.000000
Right: -0.323517 0.000000 -0.946222
Name:sb_01
Translation: -651.404053,-494.150391,-1150.445435
Dof: 0.946429 0.000000 0.322913
Up: 0.000000 1.000000 0.000000
Right: -0.322913 0.000000 0.946429
Name:gggun_01
Translation: -646.462158,-497.069031,-1187.111084
Dof: -0.038609 0.000000 0.999254
Up: 0.000000 1.000000 0.000000
Right: -0.999254 0.000000 -0.038609
Name:sb_01
Translation: -1091.707031,-535.883911,4282.650879
Dof: 0.492673 0.000000 0.870215
Up: 0.000000 1.000000 0.000000
Right: -0.870215 0.000000 0.492673
Name:sb_01
Translation: -1047.344116,-535.883911,4304.914063
Dof: 1.000000 0.000000 0.000001
Up: 0.000000 1.000000 0.000000
Right: -0.000001 0.000000 1.000000
Name:gggun_01
Translation: -1055.500732,-536.483948,4269.697266
Dof: 0.872494 0.000000 0.488625
Up: 0.000000 1.000000 0.000000
Right: -0.488625 0.000000 0.872494
Name:sb_01
Translation: -7460.738770,-816.238159,5100.997559
Dof: 0.717843 0.000000 0.696205
Up: 0.000000 1.000000 0.000000
Right: -0.696205 0.000000 0.717843
Name:sb_01
Translation: -7413.867188,-818.114441,5114.097168
Dof: 0.974801 0.000000 -0.223077
Up: 0.000000 1.000000 0.000000
Right: 0.223077 0.000000 0.974801
Name:sb_01
Translation: -7474.987305,-816.206421,5053.260742
Dof: -0.218549 0.000000 0.975826
Up: 0.000000 1.000000 0.000000
Right: -0.975826 0.000000 -0.218549
Dele:sb_01
Translation: -7444.622559,-816.215515,5017.251465
Dof: -0.924905 0.000000 0.380199
Up: 0.000000 1.000000 0.000000
Right: -0.380199 0.000000 -0.924905
Name:gggun_01
Translation: -7428.763672,-817.831665,5068.486816
Dof: 0.723840 0.000000 0.689968
Up: 0.000000 1.000000 0.000000
Right: -0.689968 0.000000 0.723840
Dele:gggun_01
Translation: -7328.671875,-475.691284,-204.318451
Dof: 0.826285 0.000000 -0.563252
Up: 0.000000 1.000000 0.000000
Right: 0.563253 0.000000 0.826285
Name:amobuil_01
Translation: 177.986343,-149.269775,-113.656845
Dof: 0.021949 0.000000 0.999759
Up: 0.000000 1.000000 0.000000
Right: -0.999759 0.000000 0.021949
Dele:car_01
Translation: 182.821487,-165.069778,-216.465302
Dof: -0.011381 0.000000 0.999935
Up: 0.000000 1.000000 0.000000
Right: -0.999935 0.000000 -0.011381
Name:car_01
Translation: 154.145660,-171.469772,-220.488037
Dof: 0.031877 0.000000 0.999492
Up: 0.000000 1.000000 0.000000
Right: -0.999492 0.000000 0.031877
Name:tank_01
Translation: 706.539429,-165.069763,-55.237587
Dof: -0.011381 0.000000 0.999935
Up: 0.000000 1.000000 0.000000
Right: -0.999935 0.000000 -0.011381
Name:tank_01
Translation: 708.057983,-165.069763,-188.625519
Dof: -0.011381 0.000000 0.999935
Up: 0.000000 1.000000 0.000000
Right: -0.999935 0.000000 -0.011381
Name:tank_01
Translation: 709.644775,-165.069778,-328.012939
Dof: -0.011381 0.000000 0.999935
Up: 0.000000 1.000000 0.000000
Right: -0.999935 0.000000 -0.011381
Name:fence_01
Translation: 787.111816,-146.869781,306.391144
Dof: -0.038608 0.000000 0.999254
Up: 0.000000 1.000000 0.000000
Right: -0.999254 0.000000 -0.038608
Name:fence_01
Translation: 792.161804,-146.869781,175.688675
Dof: -0.038608 0.000000 0.999254
Up: 0.000000 1.000000 0.000000
Right: -0.999254 0.000000 -0.038608
Name:fence_01
Translation: 797.258057,-146.869781,43.786713
Dof: -0.038608 0.000000 0.999254
Up: 0.000000 1.000000 0.000000
Right: -0.999254 0.000000 -0.038608
Name:fence_01
Translation: 802.307251,-146.869781,-86.889938
Dof: -0.038608 0.000000 0.999254
Up: 0.000000 1.000000 0.000000
Right: -0.999254 0.000000 -0.038608
Name:fence_01
Translation: 807.334900,-146.869766,-217.000717
Dof: -0.038608 0.000000 0.999254
Up: 0.000000 1.000000 0.000000
Right: -0.999254 0.000000 -0.038608
Name:fence_01
Translation: 812.276733,-146.869766,-344.905304
Dof: -0.038608 0.000000 0.999254
Up: 0.000000 1.000000 0.000000
Right: -0.999254 0.000000 -0.038608
Name:fence_01
Translation: 717.392029,-148.069778,370.961884
Dof: -0.999968 0.000000 -0.008013
Up: 0.000000 1.000000 0.000000
Right: 0.008013 0.000000 -0.999968
Name:fence_01
Translation: 586.196167,-148.069778,369.910522
Dof: -0.999968 0.000000 -0.008013
Up: 0.000000 1.000000 0.000000
Right: 0.008013 0.000000 -0.999968
Name:fence_01
Translation: 455.262634,-148.069778,368.860931
Dof: -0.999968 0.000000 -0.008013
Up: 0.000000 1.000000 0.000000
Right: 0.008013 0.000000 -0.999968
Dele:flagbase_2
Translation: 711.065857,-149.869781,242.790009
Dof: 0.999963 0.000000 0.008653
Up: 0.000000 1.000000 0.000000
Right: -0.008653 0.000000 0.999963
Name:car_01
Translation: 462.959717,-165.069778,264.027618
Dof: 0.039247 0.000000 0.999230
Up: 0.000000 1.000000 0.000000
Right: -0.999230 0.000000 0.039247
Dele:flagbase_1
Translation: -7259.931152,-822.330566,4880.449219
Dof: 0.998088 0.000000 0.061808
Up: 0.000000 1.000000 0.000000
Right: -0.061808 0.000000 0.998088
Name:tank3_01
Translation: -7331.420410,-841.550537,4777.800293
Dof: 0.039246 0.000000 -0.999230
Up: 0.000000 1.000000 0.000000
Right: 0.999230 0.000000 0.039246
Name:tank3_01
Translation: -7334.475586,-843.606812,4854.672363
Dof: 0.039246 0.000000 -0.999230
Up: 0.000000 1.000000 0.000000
Right: 0.999230 0.000000 0.039246
Dele:flagbase_1
Translation: -6924.851563,-820.291382,5004.306152
Dof: 0.999401 0.000000 -0.034605
Up: 0.000000 1.000000 0.000000
Right: 0.034605 0.000000 0.999401
Dele:truck_01
Translation: -7336.125488,-831.465759,4485.758789
Dof: 0.047890 0.000000 -0.998853
Up: 0.000000 1.000000 0.000000
Right: 0.998853 0.000000 0.047890
Name:sb_01
Translation: -7292.583496,-820.297852,3774.240723
Dof: -0.764690 0.000000 0.644398
Up: 0.000000 1.000000 0.000000
Right: -0.644398 0.000000 -0.764690
Name:sb_01
Translation: -7245.891602,-820.411377,3771.236816
Dof: -0.840971 0.000000 -0.541080
Up: 0.000000 1.000000 0.000000
Right: 0.541080 0.000000 -0.840971
Name:sb_01
Translation: -7303.578125,-820.240662,3819.424805
Dof: 0.382724 0.000000 0.923863
Up: 0.000000 1.000000 0.000000
Right: -0.923863 0.000000 0.382724
Name:gggun_01
Translation: -7270.099121,-819.647522,3803.238525
Dof: -0.730220 0.000000 0.683212
Up: 0.000000 1.000000 0.000000
Right: -0.683212 0.000000 -0.730220
Name:car2_01
Translation: -7302.824219,-831.465698,4453.889160
Dof: -0.025144 0.000000 0.999684
Up: 0.000000 1.000000 0.000000
Right: -0.999684 0.000000 -0.025144
Name:car2_01
Translation: -7303.919434,-831.465698,4512.391602
Dof: -0.025144 0.000000 0.999684
Up: 0.000000 1.000000 0.000000
Right: -0.999684 0.000000 -0.025144
Name:truck_01
Translation: -7280.905762,-834.320374,4195.625488
Dof: 0.007202 0.000000 -0.999974
Up: 0.000000 1.000000 0.000000
Right: 0.999974 0.000000 0.007202
Name:amopack_01
Translation: -7283.338867,-820.110168,4671.099609
Dof: 0.057808 0.000000 -0.998328
Up: 0.000000 1.000000 0.000000
Right: 0.998328 0.000000 0.057808
Name:amopack_01
Translation: -7282.945801,-820.110168,4664.310547
Dof: 0.057808 0.000000 -0.998328
Up: 0.000000 1.000000 0.000000
Right: 0.998328 0.000000 0.057808
Name:amopack_01
Translation: -7282.575684,-820.110168,4657.921387
Dof: 0.057808 0.000000 -0.998328
Up: 0.000000 1.000000 0.000000
Right: 0.998328 0.000000 0.057808
Name:parachu_01
Translation: -7284.250000,-825.710205,4604.635254
Dof: -0.123551 0.000000 -0.992338
Up: 0.000000 1.000000 0.000000
Right: 0.992338 0.000000 -0.123551
Name:parachu_01
Translation: -7429.568359,-842.140869,4095.674316
Dof: -0.060997 0.000000 0.998138
Up: 0.000000 1.000000 0.000000
Right: -0.998138 0.000000 -0.060997
Name:shed_01
Translation: -330.460724,-152.301392,2723.459961
Dof: -0.819553 0.000000 -0.573003
Up: 0.000000 1.000000 0.000000
Right: 0.573003 0.000000 -0.819553
Dele:rstol_01
Translation: -353.305084,-153.654022,2708.452148
Dof: -0.999248 0.000000 0.038782
Up: 0.000000 1.000000 0.000000
Right: -0.038782 0.000000 -0.999248
Dele:parachu_01
Translation: -353.218781,-162.445007,2708.336182
Dof: -0.999248 0.000000 0.038782
Up: 0.000000 1.000000 0.000000
Right: -0.038782 0.000000 -0.999248
Name:parachu_01
Translation: -373.244690,-161.954651,2735.769043
Dof: 0.518127 0.000000 0.855304
Up: 0.000000 1.000000 0.000000
Right: -0.855304 0.000000 0.518127
Name:pbridge_02
Translation: -872.35,-189.14,3330.09
Dof: 0.984808 0.0 -0.173648
Up: 0.0 1.0 0.0
Right: 0.173648 0.0 0.984808
Name:pbridge_03
Translation: -85.1255,-189.14,3191.29
Dof: 0.984808 0.0 -0.173648
Up: 0.0 1.0 0.0
Right: 0.173648 0.0 0.984808
Name:pbridge_04
Translation: 702.117,-189.14,3052.47
Dof: 0.984808 0.0 -0.173648
Up: 0.0 1.0 0.0
Right: 0.173648 0.0 0.984808
Dele:spier3_01
Translation: -2691.117432,36.637604,5176.389160
Dof: -0.791846 0.000000 0.610720
Up: 0.000000 1.000000 0.000000
Right: -0.610720 0.000000 -0.791846
Dele:spier2_01
Translation: -2739.397705,35.473724,5132.226074
Dof: -0.764692 0.000000 0.644397
Up: 0.000000 1.000000 0.000000
Right: -0.644397 0.000000 -0.764692
Dele:spier2_01
Translation: -2694.863281,-28.889240,5178.964844
Dof: -0.759087 0.000000 0.650989
Up: 0.000000 1.000000 0.000000
Right: -0.650989 0.000000 -0.759087
Dele:spier2_01
Translation: -2706.954102,-26.470261,5141.528809
Dof: -0.770239 0.000000 0.637756
Up: 0.000000 1.000000 0.000000
Right: -0.637756 0.000000 -0.770239
Name:spier2_01
Translation: -2788.989990,44.312622,5055.955566
Dof: -0.741935 0.000000 0.670472
Up: 0.000000 1.000000 0.000000
Right: -0.670472 0.000000 -0.741935
Name:spier1_01
Translation: -2655.442383,44.312622,5203.732910
Dof: -0.741935 0.000000 0.670472
Up: 0.000000 1.000000 0.000000
Right: -0.670472 0.000000 -0.741935
Name:spier1_01
Translation: -2522.759277,44.312622,5350.427246
Dof: -0.741935 0.000000 0.670472
Up: 0.000000 1.000000 0.000000
Right: -0.670472 0.000000 -0.741935
Dele:spier3_01
Translation: -2605.359619,28.023252,5039.165527
Dof: -0.764691 0.000000 0.644397
Up: 0.000000 1.000000 0.000000
Right: -0.644397 0.000000 -0.764691

Dele:spier2_01
Translation: -2601.020508,28.064167,4859.559570
Dof: -0.536629 0.000000 0.843818
Up: 0.000000 1.000000 0.000000
Right: -0.843818 0.000000 -0.536629
Dele:spier2_01
Translation: -2602.927734,-25.801399,4861.424316
Dof: -0.529308 0.000000 0.848430
Up: 0.000000 1.000000 0.000000
Right: -0.848430 0.000000 -0.529308
Dele:spier1_01
Translation: -2434.548584,-27.717476,4966.467285
Dof: -0.529308 0.000000 0.848430
Up: 0.000000 1.000000 0.000000
Right: -0.848430 0.000000 -0.529308
Dele:wboat_01
Translation: -2715.087158,-35.796623,5050.605469
Dof: -0.769422 0.000000 0.638740
Up: 0.000000 1.000000 0.000000
Right: -0.638740 0.000000 -0.769422
Name:torpboat_01
Translation: -2886.219482,-28.098997,5072.170898
Dof: -0.741077 0.000000 0.671420
Up: 0.000000 1.000000 0.000000
Right: -0.671420 0.000000 -0.741077
Dele:wboat_01
Translation: -5839.960938,-34.548481,-378.271484
Dof: -0.116229 0.000000 -0.993222
Up: 0.000000 1.000000 0.000000
Right: 0.993222 0.000000 -0.116229
Name:spier2_01
Translation: -1173.848145,36.206585,672.592346
Dof: 0.099661 0.000000 0.995022
Up: 0.000000 1.000000 0.000000
Right: -0.995022 0.000000 0.099661
Name:spier1_01
Translation: -975.838806,36.206585,652.759888
Dof: 0.099661 0.000000 0.995022
Up: 0.000000 1.000000 0.000000
Right: -0.995022 0.000000 0.099661
Name:torpboat_01
