Name:Gwagon_04
Translation: 7360.38,-214.935,10999.8
Dof: -1.68587e-007 0.0 1.0
Up: 0.0 1.0 0.0
Right: -1.0 0.0 -1.68587e-007
Name:Pbridge_01
Translation: 3638.03,95.183,5262.92
Dof: 1.0 0.0 0.0
Up: 0.0 1.0 0.0
Right: 0.0 0.0 1.0
Name:Pbridge_02
Translation: 4438.18,95.183,5262.92
Dof: 1.0 0.0 0.0
Up: 0.0 1.0 0.0
Right: 0.0 0.0 1.0
Name:Pbridge_03
Translation: 5238.69,95.183,5262.92
Dof: 1.0 0.0 0.0
Up: 0.0 1.0 0.0
Right: 0.0 0.0 1.0
Name:rbridge_01
Translation: 13996.5,-13.0,12249.8
Dof: 1.0 0.0 0.0
Up: 0.0 1.0 0.0
Right: 0.0 0.0 1.0
Name:rbridge_02
Translation: 14796.7,-13.0,12249.8
Dof: 1.0 0.0 0.0
Up: 0.0 1.0 0.0
Right: 0.0 0.0 1.0
Name:rbridge_03
Translation: 15596.7,-13.0,12249.8
Dof: 1.0 0.0 0.0
Up: 0.0 1.0 0.0
Right: 0.0 0.0 1.0
Name:rbridge_04
Translation: 16396.8,-13.0,12249.8
Dof: 1.0 0.0 0.0
Up: 0.0 1.0 0.0
Right: 0.0 0.0 1.0
Name:sb_18
Translation: 9125.21,5.39333,3908.65
Dof: -1.0 0.0 0.0
Up: 0.0 1.0 0.0
Right: 0.0 0.0 -1.0
Name:sb_19
Translation: 9157.42,5.39333,3876.2
Dof: 0.0 0.0 1.0
Up: 0.0 1.0 0.0
Right: -1.0 0.0 0.0
Name:sb_20
Translation: 9124.79,5.39333,3844.34
Dof: 0.999848 0.0 0.0174524
Up: 0.0 1.0 0.0
Right: -0.0174524 0.0 0.999848
Name:sb_21
Translation: 9537.37,5.39333,3296.89
Dof: 0.0174524 0.0 -0.999848
Up: 0.0 1.0 0.0
Right: 0.999848 0.0 0.0174524
Name:sb_22
Translation: 9569.23,5.39333,3328.17
Dof: 1.0 0.0 0.0
Up: 0.0 1.0 0.0
Right: 0.0 0.0 1.0
Name:sb_23
Translation: 9601.68,5.39333,3296.48
Dof: 0.0 0.0 1.0
Up: 0.0 1.0 0.0
Right: -1.0 0.0 0.0
Name:rockets_02
Translation: 51.7955,-11.2744,-865.32
Dof: 0.937078 -0.00605785 -0.349067
Up: 0.0142281 0.999681 -0.0208468
Right: 0.34883 -0.0245017 0.936866
Name:rockets_03
Translation: 68.832,-11.3259,-869.166
Dof: 0.99985 -0.00605785 -0.016242
Up: 0.00645321 0.999681 -0.0244005
Right: 0.016089 -0.0245017 0.99957
Name:gasamo_01
Translation: 8870.6,3.4164,3653.15
Dof: 1.0 0.0 0.0
Up: 0.0 1.0 0.0
Right: 0.0 0.0 1.0
Name:gasamo_04
Translation: 8874.7,3.4164,3653.15
Dof: 1.0 0.0 0.0
Up: 0.0 1.0 0.0
Right: 0.0 0.0 1.0
Name:hpacksml_06
Translation: 12137.9,0.0,8805.53
Dof: -0.945519 0.0 0.325568
Up: 0.0 1.0 0.0
Right: -0.325568 0.0 -0.945519
Name:hpacksml_07
Translation: 12133.5,0.0,8805.53
Dof: -1.0 0.0 0.0
Up: 0.0 1.0 0.0
Right: 0.0 0.0 -1.0
Name:grenade_12
Translation: 12134.7,2.21489,8817.38
Dof: -1.0 0.0 0.0
Up: 0.0 1.0 0.0
Right: 0.0 0.0 -1.0
Name:amopack_13
Translation: 12141.1,2.21489,8937.88
Dof: -1.0 0.0 0.0
Up: 0.0 1.0 0.0
Right: 0.0 0.0 -1.0
Name:amopack_14
Translation: 12137.0,2.21489,8937.88
Dof: -1.0 0.0 0.0
Up: 0.0 1.0 0.0
Right: 0.0 0.0 -1.0
Name:grenade_16
Translation: 12138.8,2.21489,8817.38
Dof: -1.0 0.0 0.0
Up: 0.0 1.0 0.0
Right: 0.0 0.0 -1.0
Name:bridge_13
Translation: 13841.1,19.9661,13663.5
Dof: 1.0 0.0 0.0
Up: 0.0 1.0 0.0
Right: 0.0 0.0 1.0
Name:bridge_14
Translation: 14290.3,19.9661,13663.5
Dof: 1.0 0.0 0.0
Up: 0.0 1.0 0.0
Right: 0.0 0.0 1.0
Name:bridge_15
Translation: 15527.7,29.7383,13640.6
Dof: 1.0 2.39237e-006 0.0
Up: -2.39237e-006 1.0 0.0
Right: 0.0 0.0 1.0
Name:bridge_16
Translation: 15976.9,29.7383,13640.6
Dof: 1.0 2.39237e-006 0.0
Up: -2.39237e-006 1.0 0.0
Right: 0.0 0.0 1.0
Name:sGuardh_02
Translation: 5269.31,-94.9738,5310.14
Dof: 0.0 0.0 -1.0
Up: 0.0 1.0 0.0
Right: 1.0 0.0 0.0
Name:Tstation_01
Translation: 7625.51,-199.307,10620.1
Dof: 1.0 0.0 0.0
Up: 0.0 1.0 0.0
Right: 0.0 0.0 1.0
Name:Tstation_02
Translation: 7625.55,-199.307,11124.0
Dof: 1.0 0.0 0.0
Up: 0.0 1.0 0.0
Right: 0.0 0.0 1.0
Name:Gwagon_03
Translation: 7218.63,-214.935,10999.8
Dof: -1.68587e-007 0.0 1.0
Up: 0.0 1.0 0.0
Right: -1.0 0.0 -1.68587e-007
Name:Spier2_02
Translation: -540.83,166.162,-2006.51
Dof: -0.848048 0.0 0.52992
Up: 0.0 1.0 0.0
Right: -0.52992 0.0 -0.848048
Name:Spier3_05
Translation: -328.95,166.135,-1668.36
Dof: 0.848048 0.0 -0.529919
Up: 0.0 1.0 0.0
Right: 0.529919 0.0 0.848048
Name:Spier3_06
Translation: -222.964,166.135,-1498.74
Dof: 0.848048 0.0 -0.529919
Up: 0.0 1.0 0.0
Right: 0.529919 0.0 0.848048
Name:Spier3_07
Translation: -116.977,166.135,-1329.13
Dof: 0.848048 0.0 -0.529919
Up: 0.0 1.0 0.0
Right: 0.529919 0.0 0.848048
Name:Spier3_08
Translation: -434.937,166.135,-1837.97
Dof: 0.848048 0.0 -0.529919
Up: 0.0 1.0 0.0
Right: 0.529919 0.0 0.848048
Name:Spier2_03
Translation: 460.18,169.754,-2105.45
Dof: -0.52992 0.0 -0.848048
Up: 0.0 1.0 0.0
Right: 0.848048 0.0 -0.52992
Name:Spier3_09
Translation: 122.092,169.727,-1893.39
Dof: 0.529919 0.0 0.848048
Up: 0.0 1.0 0.0
Right: -0.848048 0.0 0.529919
Name:Spier3_10
Translation: -47.5221,169.727,-1787.41
Dof: 0.529919 0.0 0.848048
Up: 0.0 1.0 0.0
Right: -0.848048 0.0 0.529919
Name:Spier3_11
Translation: -217.136,169.727,-1681.42
Dof: 0.529919 0.0 0.848048
Up: 0.0 1.0 0.0
Right: -0.848048 0.0 0.529919
Name:Spier3_12
Translation: 290.512,169.727,-1999.56
Dof: 0.529919 0.0 0.848048
Up: 0.0 1.0 0.0
Right: -0.848048 0.0 0.529919
Name:Spier2_04
Translation: 216.352,169.754,-2539.89
Dof: -0.52992 0.0 -0.848048
Up: 0.0 1.0 0.0
Right: 0.848048 0.0 -0.52992
Name:Spier3_13
Translation: -122.93,169.727,-2328.02
Dof: 0.529919 0.0 0.848048
Up: 0.0 1.0 0.0
Right: -0.848048 0.0 0.529919
Name:Spier3_14
Translation: -291.378,169.727,-2221.83
Dof: 0.529919 0.0 0.848048
Up: 0.0 1.0 0.0
Right: -0.848048 0.0 0.529919
Name:Spier3_15
Translation: -460.992,169.727,-2115.84
Dof: 0.529919 0.0 0.848048
Up: 0.0 1.0 0.0
Right: -0.848048 0.0 0.529919
Name:Spier3_16
Translation: 46.6843,169.727,-2434.01
Dof: 0.529919 0.0 0.848048
Up: 0.0 1.0 0.0
Right: -0.848048 0.0 0.529919
Name:Spier2_05
Translation: 1094.57,169.323,8822.67
Dof: -0.0436202 0.0 -0.999048
Up: 0.0 1.0 0.0
Right: 0.999048 0.0 -0.0436202
Name:Spier2_06
Translation: 208.446,166.242,9215.78
Dof: 0.999048 0.0 -0.0436201
Up: 0.0 1.0 0.0
Right: 0.0436201 0.0 0.999048
Name:Spier3_17
Translation: 191.306,166.215,8816.22
Dof: -0.999048 0.0 0.0436192
Up: 0.0 1.0 0.0
Right: -0.0436192 0.0 -0.999048
Name:Spier3_18
Translation: 182.381,166.215,8616.56
Dof: -0.999048 0.0 0.0436192
Up: 0.0 1.0 0.0
Right: -0.0436192 0.0 -0.999048
Name:Spier3_19
Translation: 173.105,166.215,8417.5
Dof: -0.999048 0.0 0.0436192
Up: 0.0 1.0 0.0
Right: -0.0436192 0.0 -0.999048
Name:Spier3_24
Translation: 200.022,166.215,9016.0
Dof: -0.999048 0.0 0.0436192
Up: 0.0 1.0 0.0
Right: -0.0436192 0.0 -0.999048
Name:Spier3_25
Translation: 695.004,169.297,8839.81
Dof: 0.0436194 0.0 0.999048
Up: 0.0 1.0 0.0
Right: -0.999048 0.0 0.0436194
Name:Spier3_26
Translation: 495.347,169.297,8848.74
Dof: 0.0436194 0.0 0.999048
Up: 0.0 1.0 0.0
Right: -0.999048 0.0 0.0436194
Name:Spier3_27
Translation: 296.289,169.297,8858.01
Dof: 0.0436194 0.0 0.999048
Up: 0.0 1.0 0.0
Right: -0.999048 0.0 0.0436194
Name:Spier3_28
Translation: 894.783,169.297,8831.1
Dof: 0.0436194 0.0 0.999048
Up: 0.0 1.0 0.0
Right: -0.999048 0.0 0.0436194
Name:Spier2_08
Translation: 1113.26,169.323,9227.26
Dof: -0.0436202 0.0 -0.999048
Up: 0.0 1.0 0.0
Right: 0.999048 0.0 -0.0436202
Name:Spier3_29
Translation: 713.697,169.297,9244.4
Dof: 0.0436194 0.0 0.999048
Up: 0.0 1.0 0.0
Right: -0.999048 0.0 0.0436194
Name:Spier3_30
Translation: 514.04,169.297,9253.32
Dof: 0.0436194 0.0 0.999048
Up: 0.0 1.0 0.0
Right: -0.999048 0.0 0.0436194
Name:Spier3_31
Translation: 314.981,169.297,9262.6
Dof: 0.0436194 0.0 0.999048
Up: 0.0 1.0 0.0
Right: -0.999048 0.0 0.0436194
Name:Spier3_32
Translation: 913.476,169.297,9235.68
Dof: 0.0436194 0.0 0.999048
Up: 0.0 1.0 0.0
Right: -0.999048 0.0 0.0436194
Name:House3_04
Translation: 9443.18,4.46461,3555.89
Dof: 1.0 0.0 0.0
Up: 0.0 1.0 0.0
Right: 0.0 0.0 1.0
Name:House3_06
Translation: 8930.49,2.65767,2649.54
Dof: 1.0 0.0 0.0
Up: 0.0 1.0 0.0
Right: 0.0 0.0 1.0
Name:House3_10
Translation: 9954.16,3.72339,3324.41
Dof: 1.0 0.0 0.0
Up: 0.0 1.0 0.0
Right: 0.0 0.0 1.0
Name:Guardh_06
Translation: 19626.4,-199.844,12192.9
Dof: 1.0 0.0 -1.74846e-007
Up: 0.0 1.0 0.0
Right: 1.74846e-007 0.0 1.0
Name:Guardh_07
Translation: 19750.1,-199.091,12312.3
Dof: -1.0 0.0 0.0
Up: 0.0 1.0 0.0
Right: 0.0 0.0 -1.0
Name:Housed1_06
Translation: 8041.64,0.390695,15654.4
Dof: -0.026177 0.0 0.999657
Up: 0.0 1.0 0.0
Right: -0.999657 0.0 -0.026177
Name:House3_15
Translation: 8540.68,0.557549,14893.5
Dof: 0.913545 0.0 0.406737
Up: 0.0 1.0 0.0
Right: -0.406737 0.0 0.913545
Name:House3_16
Translation: 8704.5,0.898692,14715.3
Dof: 0.71325 0.0 -0.700909
Up: 0.0 1.0 0.0
Right: 0.700909 0.0 0.71325
Name:Housed1_08
Translation: 8169.45,0.390695,14539.7
Dof: 0.951056 0.0 0.309017
Up: 0.0 1.0 0.0
Right: -0.309017 0.0 0.951056
Name:Guardh_10
Translation: 13589.1,1.42081,13608.5
Dof: 0.0 0.0 1.0
Up: 0.0 1.0 0.0
Right: -1.0 0.0 0.0
Name:sGuardh_11
Translation: 8939.1,1.60942,5246.98
Dof: 1.0 0.0 -1.74846e-007
Up: 0.0 1.0 0.0
Right: 1.74846e-007 0.0 1.0
Name:House3_17
Translation: 8149.32,0.233253,15858.8
Dof: 1.0 0.0 0.0
Up: 0.0 1.0 0.0
Right: 0.0 0.0 1.0
Name:House3_18
Translation: 17451.0,16.7496,13800.0
Dof: 0.989016 0.0 -0.147809
Up: 0.0 1.0 0.0
Right: 0.147809 0.0 0.989016
Name:House3_01
Translation: 553.882,41.9243,8080.69
Dof: 1.0 0.0 0.0
Up: 0.0 1.0 0.0
Right: 0.0 0.0 1.0
Name:House3_19
Translation: 728.291,41.9243,8082.6
Dof: 1.0 0.0 0.0
Up: 0.0 1.0 0.0
Right: 0.0 0.0 1.0
Name:House3_20
Translation: 903.415,41.924,8082.06
Dof: 1.0 0.0 0.0
Up: 0.0 1.0 0.0
Right: 0.0 0.0 1.0
Name:House3_21
Translation: 727.177,41.9243,7889.66
Dof: 1.0 0.0 0.0
Up: 0.0 1.0 0.0
Right: 0.0 0.0 1.0
Name:House3_22
Translation: 902.3,41.9243,7889.12
Dof: 1.0 0.0 0.0
Up: 0.0 1.0 0.0
Right: 0.0 0.0 1.0
Name:House3_23
Translation: 552.768,41.9243,7887.75
Dof: 1.0 0.0 0.0
Up: 0.0 1.0 0.0
Right: 0.0 0.0 1.0
Name:housed2_06
Translation: 12263.2,5.23499,8691.95
Dof: -1.0 0.0 0.0
Up: 0.0 1.0 0.0
Right: 0.0 0.0 -1.0
Dele:shed_01
Translation: 78.72,-7.452,-845.21
Dof: -0.224951 0.0 -0.97437
Up: 0.0 1.0 0.0
Right: 0.97437 0.0 -0.224951
Name:shed_05
Translation: 1016.96,40.5633,7987.35
Dof: 0.00872659 0.0 0.999962
Up: 0.0 1.0 0.0
Right: -0.999962 0.0 0.00872659
Name:shed_07
Translation: 8410.88,2.34287,15459.8
Dof: 0.00872659 0.0 0.999962
Up: 0.0 1.0 0.0
Right: -0.999962 0.0 0.00872659
Name:shed_08
Translation: 12172.0,-1.52614,8941.21
Dof: -0.00872651 0.0 -0.999962
Up: 0.0 1.0 0.0
Right: 0.999962 0.0 -0.00872651
Name:shed_09
Translation: 12172.1,-0.815834,8835.31
Dof: -0.00872651 0.0 -0.999962
Up: 0.0 1.0 0.0
Right: 0.999962 0.0 -0.00872651
Name:shed_11
Translation: 8908.8,5.06722,3682.12
Dof: -0.00872651 0.0 -0.999962
Up: 0.0 1.0 0.0
Right: 0.999962 0.0 -0.00872651
Name:gasamo_02
Translation: 12135.6,2.21489,8919.27
Dof: -0.414693 0.0 0.909961
Up: 0.0 1.0 0.0
Right: -0.909961 0.0 -0.414693
Name:gasamo_03
Translation: 12135.2,2.21489,8914.42
Dof: 0.642788 0.0 -0.766044
Up: 0.0 1.0 0.0
Right: 0.766044 0.0 0.642788
Name:Tree1_01
Translation: 851.255,0.0,274.045
Dof: 1.0 0.0 0.0
Up: 0.0 1.0 0.0
Right: 0.0 0.0 1.0
Name:Tree2_01
Translation: 1970.05,0.0,4073.14
Dof: 1.0 0.0 0.0
Up: 0.0 1.0 0.0
Right: 0.0 0.0 1.0
Name:Tree1_02
Translation: 818.01,0.0,543.807
Dof: 1.0 0.0 0.0
Up: 0.0 1.0 0.0
Right: 0.0 0.0 1.0
Name:Tree2_02
Translation: 2320.91,0.0,4436.39
Dof: 1.0 0.0 0.0
Up: 0.0 1.0 0.0
Right: 0.0 0.0 1.0
Name:Tree1_03
Translation: 397.384,0.0,389.151
Dof: 1.0 0.0 0.0
Up: 0.0 1.0 0.0
Right: 0.0 0.0 1.0
Name:Tree2_03
Translation: 2185.8,0.0,3528.85
Dof: 1.0 0.0 0.0
Up: 0.0 1.0 0.0
Right: 0.0 0.0 1.0
Name:Tree1_04
Translation: 391.428,0.0,1036.39
Dof: 1.0 0.0 0.0
Up: 0.0 1.0 0.0
Right: 0.0 0.0 1.0
Name:Tree1_05
Translation: 953.385,0.0,881.664
Dof: 1.0 0.0 0.0
Up: 0.0 1.0 0.0
Right: 0.0 0.0 1.0
Name:Tree2_04
Translation: 1737.84,0.0,4404.94
Dof: 1.0 0.0 0.0
Up: 0.0 1.0 0.0
Right: 0.0 0.0 1.0
Name:Tree1_06
Translation: 370.839,0.0,-643.491
Dof: 1.0 0.0 0.0
Up: 0.0 1.0 0.0
Right: 0.0 0.0 1.0
Name:Tree1_07
Translation: 500.03,0.0,-580.974
Dof: 1.0 0.0 0.0
Up: 0.0 1.0 0.0
Right: 0.0 0.0 1.0
Name:Tree2_05
Translation: 1801.34,0.0,2592.05
Dof: 1.0 0.0 0.0
Up: 0.0 1.0 0.0
Right: 0.0 0.0 1.0
Name:Tree1_08
Translation: 773.144,0.0,-49.8113
Dof: 1.0 0.0 0.0
Up: 0.0 1.0 0.0
Right: 0.0 0.0 1.0
Name:Tree5_15
Translation: 9054.84,0.0,4788.09
Dof: 1.0 0.0 0.0
Up: 0.0 1.0 0.0
Right: 0.0 0.0 1.0
Name:Tree5_16
Translation: 8894.33,0.0,4745.43
Dof: 1.0 0.0 0.0
Up: 0.0 1.0 0.0
Right: 0.0 0.0 1.0
Name:Tree5_17
Translation: 8872.36,0.0,4944.53
Dof: 1.0 0.0 0.0
Up: 0.0 1.0 0.0
Right: 0.0 0.0 1.0
Name:Tree5_18
Translation: 8888.91,0.0,5173.82
Dof: 1.0 0.0 0.0
Up: 0.0 1.0 0.0
Right: 0.0 0.0 1.0
Name:Tree5_19
Translation: 9090.86,0.0,4979.28
Dof: 1.0 0.0 0.0
Up: 0.0 1.0 0.0
Right: 0.0 0.0 1.0
Name:Tree5_20
Translation: 8876.97,0.0,4537.74
Dof: 1.0 0.0 0.0
Up: 0.0 1.0 0.0
Right: 0.0 0.0 1.0
Name:Tree5_21
Translation: 9077.17,0.0,5182.64
Dof: 1.0 0.0 0.0
Up: 0.0 1.0 0.0
Right: 0.0 0.0 1.0
Name:Tree5_22
Translation: 9066.21,0.0,4373.01
Dof: 1.0 0.0 0.0
Up: 0.0 1.0 0.0
Right: 0.0 0.0 1.0
Name:Tree5_23
Translation: 9076.81,0.0,4588.98
Dof: 1.0 0.0 0.0
Up: 0.0 1.0 0.0
Right: 0.0 0.0 1.0
Name:Tree5_24
Translation: 8896.27,0.0,5594.63
Dof: 1.0 0.0 0.0
Up: 0.0 1.0 0.0
Right: 0.0 0.0 1.0
Name:Tree5_25
Translation: 9077.31,0.0,5555.63
Dof: 1.0 0.0 0.0
Up: 0.0 1.0 0.0
Right: 0.0 0.0 1.0
Name:Tree5_26
Translation: 9098.22,0.0,5400.09
Dof: 1.0 0.0 0.0
Up: 0.0 1.0 0.0
Right: 0.0 0.0 1.0
Name:Tree5_27
Translation: 8879.72,0.0,5365.34
Dof: 1.0 0.0 0.0
Up: 0.0 1.0 0.0
Right: 0.0 0.0 1.0
Name:Tree1_09
Translation: 372.708,0.0,6410.67
Dof: 1.0 0.0 0.0
Up: 0.0 1.0 0.0
Right: 0.0 0.0 1.0
Name:Tree2_06
Translation: 2167.0,0.0,3826.29
Dof: 1.0 0.0 0.0
Up: 0.0 1.0 0.0
Right: 0.0 0.0 1.0
Name:Tree2_07
Translation: 2124.51,0.0,3204.87
Dof: 1.0 0.0 0.0
Up: 0.0 1.0 0.0
Right: 0.0 0.0 1.0
Name:Tree1_10
Translation: 879.397,0.0,1530.63
Dof: 1.0 0.0 0.0
Up: 0.0 1.0 0.0
Right: 0.0 0.0 1.0
Name:Tree1_11
Translation: 317.614,0.0,-814.025
Dof: 1.0 0.0 0.0
Up: 0.0 1.0 0.0
Right: 0.0 0.0 1.0
Name:Tree1_12
Translation: 657.705,0.0,6899.11
Dof: 1.0 0.0 0.0
Up: 0.0 1.0 0.0
Right: 0.0 0.0 1.0
Name:Tree2_08
Translation: 2167.99,0.0,4072.73
Dof: 1.0 0.0 0.0
Up: 0.0 1.0 0.0
Right: 0.0 0.0 1.0
Name:Tree1_13
Translation: 271.576,0.0,900.241
Dof: 1.0 0.0 0.0
Up: 0.0 1.0 0.0
Right: 0.0 0.0 1.0
Name:Tree1_14
Translation: 627.271,0.0,1335.42
Dof: 1.0 0.0 0.0
Up: 0.0 1.0 0.0
Right: 0.0 0.0 1.0
Name:Tree1_15
Translation: 961.78,0.0,606.118
Dof: 1.0 0.0 0.0
Up: 0.0 1.0 0.0
Right: 0.0 0.0 1.0
Name:Tree1_16
Translation: 269.775,0.0,104.281
Dof: 1.0 0.0 0.0
Up: 0.0 1.0 0.0
Right: 0.0 0.0 1.0
Name:Tree1_17
Translation: 428.979,0.0,672.81
Dof: 1.0 0.0 0.0
Up: 0.0 1.0 0.0
Right: 0.0 0.0 1.0
Name:Tree2_09
Translation: 1856.89,0.0,4905.16
Dof: 1.0 0.0 0.0
Up: 0.0 1.0 0.0
Right: 0.0 0.0 1.0
Name:Tree2_10
Translation: 1626.34,0.0,2252.14
Dof: 1.0 0.0 0.0
Up: 0.0 1.0 0.0
Right: 0.0 0.0 1.0
Name:Tree1_18
Translation: 591.043,0.0,1178.12
Dof: 1.0 0.0 0.0
Up: 0.0 1.0 0.0
Right: 0.0 0.0 1.0
Name:Tree1_19
Translation: 182.467,0.0,280.956
Dof: 1.0 0.0 0.0
Up: 0.0 1.0 0.0
Right: 0.0 0.0 1.0
Name:Tree1_20
Translation: 1557.55,0.0,5547.01
Dof: 1.0 0.0 0.0
Up: 0.0 1.0 0.0
Right: 0.0 0.0 1.0
Name:Tree1_21
Translation: 1350.03,0.0,6106.91
Dof: 1.0 0.0 0.0
Up: 0.0 1.0 0.0
Right: 0.0 0.0 1.0
Name:Tree1_22
Translation: 302.265,0.0,6985.54
Dof: 1.0 0.0 0.0
Up: 0.0 1.0 0.0
Right: 0.0 0.0 1.0
Name:Tree2_11
Translation: 2080.68,0.0,4801.38
Dof: 1.0 0.0 0.0
Up: 0.0 1.0 0.0
Right: 0.0 0.0 1.0
Name:Tree1_23
Translation: 625.588,0.0,7164.46
Dof: 1.0 0.0 0.0
Up: 0.0 1.0 0.0
Right: 0.0 0.0 1.0
Name:Tree2_12
Translation: 2724.24,0.0,4265.67
Dof: 1.0 0.0 0.0
Up: 0.0 1.0 0.0
Right: 0.0 0.0 1.0
Name:Tree1_24
Translation: 1395.4,0.0,5657.82
Dof: 1.0 0.0 0.0
Up: 0.0 1.0 0.0
Right: 0.0 0.0 1.0
Name:Tree1_25
Translation: 96.3489,0.0,7834.24
Dof: 1.0 0.0 0.0
Up: 0.0 1.0 0.0
Right: 0.0 0.0 1.0
Name:Tree1_26
Translation: 553.037,0.0,7467.73
Dof: 1.0 0.0 0.0
Up: 0.0 1.0 0.0
Right: 0.0 0.0 1.0
Name:Tree1_27
Translation: 879.691,0.0,7210.8
Dof: 1.0 0.0 0.0
Up: 0.0 1.0 0.0
Right: 0.0 0.0 1.0
Name:Tree1_28
Translation: 383.527,0.0,6111.86
Dof: 1.0 0.0 0.0
Up: 0.0 1.0 0.0
Right: 0.0 0.0 1.0
Name:Tree2_13
Translation: 2452.19,0.0,4486.5
Dof: 1.0 0.0 0.0
Up: 0.0 1.0 0.0
Right: 0.0 0.0 1.0
Name:Tree1_29
Translation: 145.118,0.0,7271.55
Dof: 1.0 0.0 0.0
Up: 0.0 1.0 0.0
Right: 0.0 0.0 1.0
Name:Tree1_30
Translation: 994.423,0.0,7408.15
Dof: 1.0 0.0 0.0
Up: 0.0 1.0 0.0
Right: 0.0 0.0 1.0
Name:Tree2_14
Translation: 2128.46,0.0,4565.91
Dof: 1.0 0.0 0.0
Up: 0.0 1.0 0.0
Right: 0.0 0.0 1.0
Name:Tree1_31
Translation: 99.4392,0.0,6605.62
Dof: 1.0 0.0 0.0
Up: 0.0 1.0 0.0
Right: 0.0 0.0 1.0
Name:Tree2_15
Translation: 2191.92,0.0,4962.8
Dof: 1.0 0.0 0.0
Up: 0.0 1.0 0.0
Right: 0.0 0.0 1.0
Name:Tree1_32
Translation: 31.259,0.0,7584.09
Dof: 1.0 0.0 0.0
Up: 0.0 1.0 0.0
Right: 0.0 0.0 1.0
Name:Tree1_33
Translation: 190.005,0.0,7470.4
Dof: 1.0 0.0 0.0
Up: 0.0 1.0 0.0
Right: 0.0 0.0 1.0
Name:Tree2_16
Translation: 2315.34,0.0,4044.45
Dof: 1.0 0.0 0.0
Up: 0.0 1.0 0.0
Right: 0.0 0.0 1.0
Name:Tree1_34
Translation: 1216.35,0.0,7828.85
Dof: 1.0 0.0 0.0
Up: 0.0 1.0 0.0
Right: 0.0 0.0 1.0
Name:Tree1_37
Translation: 9126.07,0.0,9103.28
Dof: 1.0 0.0 0.0
Up: 0.0 1.0 0.0
Right: 0.0 0.0 1.0
Name:Tree1_38
Translation: 9119.59,0.0,8886.73
Dof: 1.0 0.0 0.0
Up: 0.0 1.0 0.0
Right: 0.0 0.0 1.0
Name:Tree1_39
Translation: 9186.23,0.0,8558.31
Dof: 1.0 0.0 0.0
Up: 0.0 1.0 0.0
Right: 0.0 0.0 1.0
Name:Tree1_41
Translation: 9465.57,0.0,9020.55
Dof: 1.0 0.0 0.0
Up: 0.0 1.0 0.0
Right: 0.0 0.0 1.0
Name:Tree1_42
Translation: 9543.36,0.0,8476.88
Dof: 1.0 0.0 0.0
Up: 0.0 1.0 0.0
Right: 0.0 0.0 1.0
Name:Tree1_46
Translation: 8815.52,0.0,9920.19
Dof: 1.0 0.0 0.0
Up: 0.0 1.0 0.0
Right: 0.0 0.0 1.0
Name:Tree1_47
Translation: 9135.08,0.0,9399.44
Dof: 1.0 0.0 0.0
Up: 0.0 1.0 0.0
Right: 0.0 0.0 1.0
Name:Tree1_48
Translation: 9054.47,0.0,10006.1
Dof: 1.0 0.0 0.0
Up: 0.0 1.0 0.0
Right: 0.0 0.0 1.0
Name:Tree2_20
Translation: 8082.93,0.0,15407.3
Dof: 1.0 0.0 0.0
Up: 0.0 1.0 0.0
Right: 0.0 0.0 1.0
Name:Tree1_49
Translation: 10698.9,0.0,10886.3
Dof: 1.0 0.0 0.0
Up: 0.0 1.0 0.0
Right: 0.0 0.0 1.0
Name:Tree2_21
Translation: 9533.54,0.0,12230.8
Dof: 1.0 0.0 0.0
Up: 0.0 1.0 0.0
Right: 0.0 0.0 1.0
Name:Tree1_50
Translation: 9030.48,0.0,8661.0
Dof: 1.0 0.0 0.0
Up: 0.0 1.0 0.0
Right: 0.0 0.0 1.0
Name:Tree1_51
Translation: 8913.38,0.0,10200.8
Dof: 1.0 0.0 0.0
Up: 0.0 1.0 0.0
Right: 0.0 0.0 1.0
Name:Tree1_52
Translation: 8959.91,0.0,10919.7
Dof: 1.0 0.0 0.0
Up: 0.0 1.0 0.0
Right: 0.0 0.0 1.0
Name:Tree1_54
Translation: 9800.23,0.0,8647.61
Dof: 1.0 0.0 0.0
Up: 0.0 1.0 0.0
Right: 0.0 0.0 1.0
Name:Tree2_22
Translation: 8168.56,0.0,15630.4
Dof: 1.0 0.0 0.0
Up: 0.0 1.0 0.0
Right: 0.0 0.0 1.0
Name:Tree2_23
Translation: 9005.14,0.0,11976.5
Dof: 1.0 0.0 0.0
Up: 0.0 1.0 0.0
Right: 0.0 0.0 1.0
Name:Tree1_56
Translation: 9053.73,0.0,11098.4
Dof: 1.0 0.0 0.0
Up: 0.0 1.0 0.0
Right: 0.0 0.0 1.0
Name:Tree1_57
Translation: 9003.08,0.0,11281.6
Dof: 1.0 0.0 0.0
Up: 0.0 1.0 0.0
Right: 0.0 0.0 1.0
Name:Tree1_58
Translation: 8336.22,0.0,14226.9
Dof: 1.0 0.0 0.0
Up: 0.0 1.0 0.0
Right: 0.0 0.0 1.0
Name:Tree2_24
Translation: 8947.21,0.0,12538.6
Dof: 1.0 0.0 0.0
Up: 0.0 1.0 0.0
Right: 0.0 0.0 1.0
Name:Tree2_25
Translation: 9014.27,0.0,12346.7
Dof: 1.0 0.0 0.0
Up: 0.0 1.0 0.0
Right: 0.0 0.0 1.0
Name:Tree1_59
Translation: 11076.8,0.0,11551.9
Dof: 1.0 0.0 0.0
Up: 0.0 1.0 0.0
Right: 0.0 0.0 1.0
Name:Tree2_26
Translation: 9435.67,0.0,12095.0
Dof: 1.0 0.0 0.0
Up: 0.0 1.0 0.0
Right: 0.0 0.0 1.0
Name:Tree1_60
Translation: 8734.12,0.0,11098.2
Dof: 1.0 0.0 0.0
Up: 0.0 1.0 0.0
Right: 0.0 0.0 1.0
Name:Tree1_61
Translation: 8835.22,0.0,14056.9
Dof: 1.0 0.0 0.0
Up: 0.0 1.0 0.0
Right: 0.0 0.0 1.0
Name:Tree1_62
Translation: 8805.8,0.0,11468.6
Dof: 1.0 0.0 0.0
Up: 0.0 1.0 0.0
Right: 0.0 0.0 1.0
Name:Tree1_63
Translation: 13424.1,0.0,13600.3
Dof: 1.0 0.0 0.0
Up: 0.0 1.0 0.0
Right: 0.0 0.0 1.0
Name:Tree1_64
Translation: 13264.1,0.0,13965.2
Dof: 1.0 0.0 0.0
Up: 0.0 1.0 0.0
Right: 0.0 0.0 1.0
Name:Tree1_65
Translation: 13238.5,0.0,13716.8
Dof: 1.0 0.0 0.0
Up: 0.0 1.0 0.0
Right: 0.0 0.0 1.0
Name:Tree1_66
Translation: 20103.3,0.0,11809.8
Dof: 1.0 0.0 0.0
Up: 0.0 1.0 0.0
Right: 0.0 0.0 1.0
Name:Tree2_27
Translation: 17600.4,0.0,13829.6
Dof: 1.0 0.0 0.0
Up: 0.0 1.0 0.0
Right: 0.0 0.0 1.0
Name:Tree2_28
Translation: 14762.8,0.0,13563.4
Dof: 1.0 0.0 0.0
Up: 0.0 1.0 0.0
Right: 0.0 0.0 1.0
Name:Tree1_67
Translation: 12494.2,0.0,13989.5
Dof: 1.0 0.0 0.0
Up: 0.0 1.0 0.0
Right: 0.0 0.0 1.0
Name:Tree2_29
Translation: 9457.17,0.0,13689.0
Dof: 1.0 0.0 0.0
Up: 0.0 1.0 0.0
Right: 0.0 0.0 1.0
Name:Tree1_68
Translation: 12967.8,0.0,14124.4
Dof: 1.0 0.0 0.0
Up: 0.0 1.0 0.0
Right: 0.0 0.0 1.0
Name:Tree1_69
Translation: 13475.8,0.0,13843.4
Dof: 1.0 0.0 0.0
Up: 0.0 1.0 0.0
Right: 0.0 0.0 1.0
Name:Tree2_30
Translation: 7856.44,0.0,5312.64
Dof: 1.0 0.0 0.0
Up: 0.0 1.0 0.0
Right: 0.0 0.0 1.0
Name:Tree1_70
Translation: 8897.42,0.0,1980.81
Dof: 1.0 0.0 0.0
Up: 0.0 1.0 0.0
Right: 0.0 0.0 1.0
Name:Tree1_71
Translation: 8562.16,0.0,2747.34
Dof: 1.0 0.0 0.0
Up: 0.0 1.0 0.0
Right: 0.0 0.0 1.0
Name:Tree2_31
Translation: 5665.54,0.0,5036.79
Dof: 1.0 0.0 0.0
Up: 0.0 1.0 0.0
Right: 0.0 0.0 1.0
Name:Tree1_72
Translation: 9908.62,0.0,5095.11
Dof: 1.0 0.0 0.0
Up: 0.0 1.0 0.0
Right: 0.0 0.0 1.0
Name:Tree1_73
Translation: 8805.92,0.0,2443.17
Dof: 1.0 0.0 0.0
Up: 0.0 1.0 0.0
Right: 0.0 0.0 1.0
Name:Tree1_74
Translation: 8590.26,0.0,3047.01
Dof: 1.0 0.0 0.0
Up: 0.0 1.0 0.0
Right: 0.0 0.0 1.0
Name:Tree1_75
Translation: 10300.1,0.0,3376.84
Dof: 1.0 0.0 0.0
Up: 0.0 1.0 0.0
Right: 0.0 0.0 1.0
Name:Tree1_76
Translation: 8618.52,0.0,2140.18
Dof: 1.0 0.0 0.0
Up: 0.0 1.0 0.0
Right: 0.0 0.0 1.0
Name:Tree1_77
Translation: 9448.82,0.0,2287.24
Dof: 1.0 0.0 0.0
Up: 0.0 1.0 0.0
Right: 0.0 0.0 1.0
Name:Tree1_78
Translation: 9442.26,0.0,1838.41
Dof: 1.0 0.0 0.0
Up: 0.0 1.0 0.0
Right: 0.0 0.0 1.0
Name:Tree1_79
Translation: 9257.35,0.0,2095.66
Dof: 1.0 0.0 0.0
Up: 0.0 1.0 0.0
Right: 0.0 0.0 1.0
Name:Tree1_80
Translation: 9710.11,0.0,3202.6
Dof: 1.0 0.0 0.0
Up: 0.0 1.0 0.0
Right: 0.0 0.0 1.0
Name:Tree2_32
Translation: 5396.83,0.0,5147.53
Dof: 1.0 0.0 0.0
Up: 0.0 1.0 0.0
Right: 0.0 0.0 1.0
Name:Tree1_81
Translation: 8437.07,0.0,3496.11
Dof: 1.0 0.0 0.0
Up: 0.0 1.0 0.0
Right: 0.0 0.0 1.0
Name:Tree2_33
Translation: 5291.66,0.0,5406.51
Dof: 1.0 0.0 0.0
Up: 0.0 1.0 0.0
Right: 0.0 0.0 1.0
Name:Tree1_82
Translation: 9679.43,0.0,2149.59
Dof: 1.0 0.0 0.0
Up: 0.0 1.0 0.0
Right: 0.0 0.0 1.0
Name:Tree1_83
Translation: 9683.98,0.0,2421.08
Dof: 1.0 0.0 0.0
Up: 0.0 1.0 0.0
Right: 0.0 0.0 1.0
Name:Tree1_84
Translation: 9726.68,0.0,2734.13
Dof: 1.0 0.0 0.0
Up: 0.0 1.0 0.0
Right: 0.0 0.0 1.0
Name:Tree2_34
Translation: 5292.51,0.0,5532.72
Dof: 1.0 0.0 0.0
Up: 0.0 1.0 0.0
Right: 0.0 0.0 1.0
Name:Tree1_85
Translation: 9172.07,0.0,1258.12
Dof: 1.0 0.0 0.0
Up: 0.0 1.0 0.0
Right: 0.0 0.0 1.0
Name:Tree1_86
Translation: 8952.18,0.0,1438.06
Dof: 1.0 0.0 0.0
Up: 0.0 1.0 0.0
Right: 0.0 0.0 1.0
Name:Tree2_35
Translation: 5868.07,0.0,5190.51
Dof: 1.0 0.0 0.0
Up: 0.0 1.0 0.0
Right: 0.0 0.0 1.0
Name:Tree1_87
Translation: 9118.49,0.0,1731.78
Dof: 1.0 0.0 0.0
Up: 0.0 1.0 0.0
Right: 0.0 0.0 1.0
Name:Tree1_88
Translation: 16450.8,0.0,13494.3
Dof: 1.0 0.0 0.0
Up: 0.0 1.0 0.0
Right: 0.0 0.0 1.0
Name:Tree2_36
Translation: 17697.7,0.0,13481.8
Dof: 1.0 0.0 0.0
Up: 0.0 1.0 0.0
Right: 0.0 0.0 1.0
Name:Tree1_89
Translation: 16955.8,0.0,12461.2
Dof: 1.0 0.0 0.0
Up: 0.0 1.0 0.0
Right: 0.0 0.0 1.0
Name:Tree1_90
Translation: 16570.3,0.0,13415.7
Dof: 1.0 0.0 0.0
Up: 0.0 1.0 0.0
Right: 0.0 0.0 1.0
Name:Tree1_91
Translation: 17799.0,0.0,12065.8
Dof: 1.0 0.0 0.0
Up: 0.0 1.0 0.0
Right: 0.0 0.0 1.0
Name:Tree2_37
Translation: 17910.1,0.0,13377.3
Dof: 1.0 0.0 0.0
Up: 0.0 1.0 0.0
Right: 0.0 0.0 1.0
Name:Tree1_92
Translation: 16319.0,0.0,13816.6
Dof: 1.0 0.0 0.0
Up: 0.0 1.0 0.0
Right: 0.0 0.0 1.0
Name:Tree1_93
Translation: 17355.6,0.0,12494.3
Dof: 1.0 0.0 0.0
Up: 0.0 1.0 0.0
Right: 0.0 0.0 1.0
Name:Tree2_38
Translation: 17944.0,0.0,13743.6
Dof: 1.0 0.0 0.0
Up: 0.0 1.0 0.0
Right: 0.0 0.0 1.0
Name:Tree2_39
Translation: 17669.8,0.0,13324.2
Dof: 1.0 0.0 0.0
Up: 0.0 1.0 0.0
Right: 0.0 0.0 1.0
Name:Tree1_94
Translation: 19885.4,0.0,12500.9
Dof: 1.0 0.0 0.0
Up: 0.0 1.0 0.0
Right: 0.0 0.0 1.0
Name:Tree1_95
Translation: 18644.2,0.0,12102.6
Dof: 1.0 0.0 0.0
Up: 0.0 1.0 0.0
Right: 0.0 0.0 1.0
Name:Tree1_96
Translation: 16950.0,0.0,13422.1
Dof: 1.0 0.0 0.0
Up: 0.0 1.0 0.0
Right: 0.0 0.0 1.0
Name:Tree1_97
Translation: 19587.5,0.0,12414.6
Dof: 1.0 0.0 0.0
Up: 0.0 1.0 0.0
Right: 0.0 0.0 1.0
Name:Tree2_40
Translation: 18382.0,0.0,13692.4
Dof: 1.0 0.0 0.0
Up: 0.0 1.0 0.0
Right: 0.0 0.0 1.0
Name:Tree1_98
Translation: 13136.9,0.0,13646.5
Dof: 1.0 0.0 0.0
Up: 0.0 1.0 0.0
Right: 0.0 0.0 1.0
Name:Tree1_99
Translation: 12886.7,0.0,13709.0
Dof: 1.0 0.0 0.0
Up: 0.0 1.0 0.0
Right: 0.0 0.0 1.0
Name:Tree1_100
Translation: 12404.5,0.0,14274.8
Dof: 1.0 0.0 0.0
Up: 0.0 1.0 0.0
Right: 0.0 0.0 1.0
Name:Tree2_41
Translation: 14715.2,0.0,13454.8
Dof: 1.0 0.0 0.0
Up: 0.0 1.0 0.0
Right: 0.0 0.0 1.0
Name:Tree2_42
Translation: 15048.9,0.0,13482.9
Dof: 1.0 0.0 0.0
Up: 0.0 1.0 0.0
Right: 0.0 0.0 1.0
Name:Tree1_101
Translation: 12281.4,0.0,11984.9
Dof: 1.0 0.0 0.0
Up: 0.0 1.0 0.0
Right: 0.0 0.0 1.0
Name:Tree2_43
Translation: 15091.1,0.0,13790.7
Dof: 1.0 0.0 0.0
Up: 0.0 1.0 0.0
Right: 0.0 0.0 1.0
Name:Tree1_102
Translation: 11985.6,0.0,11839.1
Dof: 1.0 0.0 0.0
Up: 0.0 1.0 0.0
Right: 0.0 0.0 1.0
Name:Tree1_107
Translation: 825.795,0.0,7592.18
Dof: 1.0 0.0 0.0
Up: 0.0 1.0 0.0
Right: 0.0 0.0 1.0
Name:Tree2_47
Translation: 1545.61,0.0,4637.67
Dof: 1.0 0.0 0.0
Up: 0.0 1.0 0.0
Right: 0.0 0.0 1.0
Name:Tree1_121
Translation: 11034.9,0.0,14531.6
Dof: 1.0 0.0 0.0
Up: 0.0 1.0 0.0
Right: 0.0 0.0 1.0
Name:Tree1_122
Translation: 11352.0,0.0,14100.0
Dof: 0.71325 0.0 -0.700909
Up: 0.0 1.0 0.0
Right: 0.700909 0.0 0.71325
Name:Tree2_49
Translation: 9396.43,0.0,13034.4
Dof: 0.71325 0.0 -0.700909
Up: 0.0 1.0 0.0
Right: 0.700909 0.0 0.71325
Name:Tree2_50
Translation: 9036.87,0.0,12958.2
Dof: 1.0 0.0 0.0
Up: 0.0 1.0 0.0
Right: 0.0 0.0 1.0
Name:Tree1_123
Translation: 8950.23,0.0,14682.3
Dof: 0.71325 0.0 -0.700909
Up: 0.0 1.0 0.0
Right: 0.700909 0.0 0.71325
Name:Tree1_124
Translation: 9974.49,0.0,14388.3
Dof: 1.0 0.0 0.0
Up: 0.0 1.0 0.0
Right: 0.0 0.0 1.0
Name:Tree1_125
Translation: 8856.22,0.0,14942.8
Dof: 1.0 0.0 0.0
Up: 0.0 1.0 0.0
Right: 0.0 0.0 1.0
Name:Tree1_126
Translation: 9218.83,0.0,14598.4
Dof: 1.0 0.0 0.0
Up: 0.0 1.0 0.0
Right: 0.0 0.0 1.0
Name:Tree2_51
Translation: 9452.33,0.0,12481.9
Dof: 1.0 0.0 0.0
Up: 0.0 1.0 0.0
Right: 0.0 0.0 1.0
Name:Tree2_52
Translation: 9471.16,0.0,12687.7
Dof: -0.67559 0.0 0.737277
Up: 0.0 1.0 0.0
Right: -0.737277 0.0 -0.67559
Name:Tree1_127
Translation: 8908.0,0.0,13791.4
Dof: -0.67559 0.0 0.737277
Up: 0.0 1.0 0.0
Right: -0.737277 0.0 -0.67559
Name:Tree2_53
Translation: 9027.52,0.0,12739.5
Dof: -0.99863 0.0 0.052336
Up: 0.0 1.0 0.0
Right: -0.052336 0.0 -0.99863
Name:Tree1_128
Translation: 8518.35,0.0,14088.7
Dof: -0.67559 0.0 0.737277
Up: 0.0 1.0 0.0
Right: -0.737277 0.0 -0.67559
Name:Tree1_129
Translation: 8988.24,0.0,13526.4
Dof: -0.99863 0.0 0.052336
Up: 0.0 1.0 0.0
Right: -0.052336 0.0 -0.99863
Name:Tree1_130
Translation: 13418.6,0.0,12385.7
Dof: 1.0 0.0 0.0
Up: 0.0 1.0 0.0
Right: 0.0 0.0 1.0
Name:Tree1_131
Translation: 9426.57,0.0,9141.25
Dof: 1.0 0.0 0.0
Up: 0.0 1.0 0.0
Right: 0.0 0.0 1.0
Name:Tree2_54
Translation: 8145.9,0.0,15495.4
Dof: 1.0 0.0 0.0
Up: 0.0 1.0 0.0
Right: 0.0 0.0 1.0
Name:Tree2_55
Translation: 12302.9,0.0,8870.23
Dof: 1.0 0.0 0.0
Up: 0.0 1.0 0.0
Right: 0.0 0.0 1.0
Name:Tree1_132
Translation: -21.33,0.0,6960.02
Dof: 1.0 0.0 0.0
Up: 0.0 1.0 0.0
Right: 0.0 0.0 1.0
Name:Tree1_133
Translation: 1695.46,0.0,5351.93
Dof: 1.0 0.0 0.0
Up: 0.0 1.0 0.0
Right: 0.0 0.0 1.0
Name:Tree1_134
Translation: 324.302,0.0,527.194
Dof: 1.0 0.0 0.0
Up: 0.0 1.0 0.0
Right: 0.0 0.0 1.0
Name:Tree2_56
Translation: 2611.2,0.0,3989.38
Dof: 1.0 0.0 0.0
Up: 0.0 1.0 0.0
Right: 0.0 0.0 1.0
Name:Tree2_57
Translation: 2062.81,0.0,2860.56
Dof: 1.0 0.0 0.0
Up: 0.0 1.0 0.0
Right: 0.0 0.0 1.0
Name:Tree1_135
Translation: 8718.0,0.0,7565.24
Dof: -0.737277 0.0 -0.67559
Up: 0.0 1.0 0.0
Right: 0.67559 0.0 -0.737277
Name:Tree1_136
Translation: 8900.17,0.0,7978.8
Dof: -0.737277 0.0 -0.67559
Up: 0.0 1.0 0.0
Right: 0.67559 0.0 -0.737277
Name:Tree2_58
Translation: 5647.05,0.0,5406.5
Dof: -0.737277 0.0 -0.67559
Up: 0.0 1.0 0.0
Right: 0.67559 0.0 -0.737277
Name:Tree1_137
Translation: 8731.69,0.0,7184.69
Dof: -0.737277 0.0 -0.67559
Up: 0.0 1.0 0.0
Right: 0.67559 0.0 -0.737277
Name:Tree2_59
Translation: 5448.45,0.0,5439.02
Dof: -0.737277 0.0 -0.67559
Up: 0.0 1.0 0.0
Right: 0.67559 0.0 -0.737277
Name:Tree1_138
Translation: 8904.17,0.0,7221.13
Dof: -0.737277 0.0 -0.67559
Up: 0.0 1.0 0.0
Right: 0.67559 0.0 -0.737277
Name:Tree1_139
Translation: 9175.36,0.0,6697.72
Dof: -0.737277 0.0 -0.67559
Up: 0.0 1.0 0.0
Right: 0.67559 0.0 -0.737277
Name:Tree1_140
Translation: 8885.21,0.0,6823.65
Dof: -0.737277 0.0 -0.67559
Up: 0.0 1.0 0.0
Right: 0.67559 0.0 -0.737277
Name:Tree1_141
Translation: 8521.53,0.0,4534.55
Dof: 1.0 0.0 0.0
Up: 0.0 1.0 0.0
Right: 0.0 0.0 1.0
Name:Tree1_142
Translation: 1396.0,0.0,5819.83
Dof: 1.0 0.0 0.0
Up: 0.0 1.0 0.0
Right: 0.0 0.0 1.0
Name:Tree2_60
Translation: 5667.03,0.0,5160.78
Dof: 1.0 0.0 0.0
Up: 0.0 1.0 0.0
Right: 0.0 0.0 1.0
Name:Tree1_143
Translation: 1661.77,0.0,5726.38
Dof: 1.0 0.0 0.0
Up: 0.0 1.0 0.0
Right: 0.0 0.0 1.0
Name:Tree2_61
Translation: 7978.16,0.0,5542.49
Dof: 1.0 0.0 0.0
Up: 0.0 1.0 0.0
Right: 0.0 0.0 1.0
Name:Tree1_144
Translation: 8461.61,0.0,6698.69
Dof: 1.0 0.0 0.0
Up: 0.0 1.0 0.0
Right: 0.0 0.0 1.0
Name:Tree1_145
Translation: 8575.81,0.0,4080.84
Dof: 1.0 0.0 0.0
Up: 0.0 1.0 0.0
Right: 0.0 0.0 1.0
Name:Tree1_146
Translation: 8537.96,0.0,6523.6
Dof: 1.0 0.0 0.0
Up: 0.0 1.0 0.0
Right: 0.0 0.0 1.0
Name:Tree1_147
Translation: 8839.76,0.0,7818.87
Dof: -0.737277 0.0 -0.67559
Up: 0.0 1.0 0.0
Right: 0.67559 0.0 -0.737277
Name:Tree1_148
Translation: 8441.99,0.0,7205.62
Dof: -0.737277 0.0 -0.67559
Up: 0.0 1.0 0.0
Right: 0.67559 0.0 -0.737277
Name:Tree1_149
Translation: 8984.61,0.0,7477.16
Dof: -0.737277 0.0 -0.67559
Up: 0.0 1.0 0.0
Right: 0.67559 0.0 -0.737277
Name:Tree2_62
Translation: 8372.05,0.0,5628.1
Dof: -0.737277 0.0 -0.67559
Up: 0.0 1.0 0.0
Right: 0.67559 0.0 -0.737277
Name:Tree2_63
Translation: 7818.76,0.0,5459.49
Dof: -0.737277 0.0 -0.67559
Up: 0.0 1.0 0.0
Right: 0.67559 0.0 -0.737277
Name:Tree1_150
Translation: 8976.91,0.0,7051.27
Dof: -0.737277 0.0 -0.67559
Up: 0.0 1.0 0.0
Right: 0.67559 0.0 -0.737277
Name:Tree2_64
Translation: 8184.62,-0.845582,5550.99
Dof: 0.165048 0.0 -0.986286
Up: 0.0 1.0 0.0
Right: 0.986286 0.0 0.165048
Name:Tree1_151
Translation: 8813.14,0.0,6204.64
Dof: 0.165048 0.0 -0.986286
Up: 0.0 1.0 0.0
Right: 0.986286 0.0 0.165048
Name:Tree1_152
Translation: 8683.69,0.0,7065.41
Dof: 0.165048 0.0 -0.986286
Up: 0.0 1.0 0.0
Right: 0.986286 0.0 0.165048
Name:Tree1_153
Translation: 10008.2,0.0,4892.23
Dof: 1.0 0.0 0.0
Up: 0.0 1.0 0.0
Right: 0.0 0.0 1.0
Name:Tree1_154
Translation: 9765.15,0.0,4821.92
Dof: 1.0 0.0 0.0
Up: 0.0 1.0 0.0
Right: 0.0 0.0 1.0
Name:Tree1_155
Translation: 10209.6,0.0,5055.34
Dof: 1.0 0.0 0.0
Up: 0.0 1.0 0.0
Right: 0.0 0.0 1.0
Name:Tree2_65
Translation: 5541.16,0.0,5057.67
Dof: 1.0 0.0 0.0
Up: 0.0 1.0 0.0
Right: 0.0 0.0 1.0
Name:Tree1_156
Translation: 10302.6,0.0,5453.97
Dof: 1.0 0.0 0.0
Up: 0.0 1.0 0.0
Right: 0.0 0.0 1.0
Name:Tree1_157
Translation: 9743.98,0.0,4299.53
Dof: 1.0 0.0 0.0
Up: 0.0 1.0 0.0
Right: 0.0 0.0 1.0
Name:Tree1_158
Translation: 9786.45,0.0,3942.64
Dof: 1.0 0.0 0.0
Up: 0.0 1.0 0.0
Right: 0.0 0.0 1.0
Name:Tree1_159
Translation: 10166.9,0.0,4742.29
Dof: 1.0 0.0 0.0
Up: 0.0 1.0 0.0
Right: 0.0 0.0 1.0
Name:Tree1_160
Translation: 9166.25,0.0,6401.86
Dof: 1.0 0.0 0.0
Up: 0.0 1.0 0.0
Right: 0.0 0.0 1.0
Name:Tree1_174
Translation: 8049.9,0.0,13644.4
Dof: -0.793353 0.0 -0.608761
Up: 0.0 1.0 0.0
Right: 0.608761 0.0 -0.793353
Name:Tree1_186
Translation: 12301.7,0.0,11630.2
Dof: -0.793353 0.0 -0.608761
Up: 0.0 1.0 0.0
Right: 0.608761 0.0 -0.793353
Name:Tree1_187
Translation: 11388.2,0.0,11191.5
Dof: -0.793353 0.0 -0.608761
Up: 0.0 1.0 0.0
Right: 0.608761 0.0 -0.793353
Name:Tree1_188
Translation: 20367.4,0.0,11685.9
Dof: -0.793353 0.0 -0.608761
Up: 0.0 1.0 0.0
Right: 0.608761 0.0 -0.793353
Name:Tree2_77
Translation: 12390.8,0.0,9215.73
Dof: -0.793353 0.0 -0.608761
Up: 0.0 1.0 0.0
Right: 0.608761 0.0 -0.793353
Name:Tree1_189
Translation: 7351.94,0.0,14217.9
Dof: -0.793353 0.0 -0.608761
Up: 0.0 1.0 0.0
Right: 0.608761 0.0 -0.793353
Name:Tree1_190
Translation: 7645.14,0.0,13968.5
Dof: -0.793353 0.0 -0.608761
Up: 0.0 1.0 0.0
Right: 0.608761 0.0 -0.793353
Name:Tree1_191
Translation: 19959.0,0.0,12038.4
Dof: -0.793353 0.0 -0.608761
Up: 0.0 1.0 0.0
Right: 0.608761 0.0 -0.793353
Name:Tree1_192
Translation: 8210.23,0.0,13781.5
Dof: -0.793353 0.0 -0.608761
Up: 0.0 1.0 0.0
Right: 0.608761 0.0 -0.793353
Name:Tree2_78
Translation: 18169.9,0.0,13846.1
Dof: -0.793353 0.0 -0.608761
Up: 0.0 1.0 0.0
Right: 0.608761 0.0 -0.793353
Name:Tree1_193
Translation: 8053.53,0.0,14055.9
Dof: -0.793353 0.0 -0.608761
Up: 0.0 1.0 0.0
Right: 0.608761 0.0 -0.793353
Name:Tree1_194
Translation: 8550.03,0.0,13738.2
Dof: -0.793353 0.0 -0.608761
Up: 0.0 1.0 0.0
Right: 0.608761 0.0 -0.793353
Name:Tree1_195
Translation: 7334.09,0.0,14510.7
Dof: -0.793353 0.0 -0.608761
Up: 0.0 1.0 0.0
Right: 0.608761 0.0 -0.793353
Name:Tree2_17
Translation: 12062.2,0.0,8988.46
Dof: 1.0 0.0 0.0
Up: 0.0 1.0 0.0
Right: 0.0 0.0 1.0
Name:Tree1_196
Translation: 12867.5,0.0,11881.9
Dof: 1.0 0.0 0.0
Up: 0.0 1.0 0.0
Right: 0.0 0.0 1.0
Name:Tree2_18
Translation: 9512.91,0.0,12900.8
Dof: 1.0 0.0 0.0
Up: 0.0 1.0 0.0
Right: 0.0 0.0 1.0
Name:Tree1_197
Translation: 10799.9,0.0,11177.6
Dof: 1.0 0.0 0.0
Up: 0.0 1.0 0.0
Right: 0.0 0.0 1.0
Name:Tree1_198
Translation: 12996.2,0.0,12232.9
Dof: 1.0 0.0 0.0
Up: 0.0 1.0 0.0
Right: 0.0 0.0 1.0
Name:Tree1_199
Translation: 11391.3,0.0,11500.8
Dof: 1.0 0.0 0.0
Up: 0.0 1.0 0.0
Right: 0.0 0.0 1.0
Name:Tree1_200
Translation: 10053.8,0.0,10860.1
Dof: 1.0 0.0 0.0
Up: 0.0 1.0 0.0
Right: 0.0 0.0 1.0
Name:amopack_04
Translation: 8423.45,0.2355,15485.7
Dof: 1.0 0.0 0.0
Up: 0.0 1.0 0.0
Right: 0.0 0.0 1.0
Name:gasamo_05
Translation: 8418.21,0.2355,15467.4
Dof: 1.0 0.0 0.0
Up: 0.0 1.0 0.0
Right: 0.0 0.0 1.0
Name:gasw_02
Translation: 8445.33,0.2355,15467.7
Dof: 1.0 0.0 0.0
Up: 0.0 1.0 0.0
Right: 0.0 0.0 1.0
Name:bazooka_01
Translation: 12154.3,0.330324,8821.88
Dof: 1.0 0.0 0.0
Up: 0.0 1.0 0.0
Right: 0.0 0.0 1.0
Name:aagun3_01
Translation: 9124.79,3.04297,3882.21
Dof: 1.0 0.0 0.0
Up: 0.0 1.0 0.0
Right: 0.0 0.0 1.0
Name:aagun3_02
Translation: 9570.82,3.84322,3302.88
Dof: 1.0 0.0 0.0
Up: 0.0 1.0 0.0
Right: 0.0 0.0 1.0
Name:sb_24
Translation: 8444.61,2.44181,14506.2
Dof: 0.0 0.0 1.0
Up: 0.0 1.0 0.0
Right: -1.0 0.0 0.0
Name:sb_25
Translation: 8411.99,2.44181,14474.4
Dof: 0.999848 0.0 0.0174524
Up: 0.0 1.0 0.0
Right: -0.0174524 0.0 0.999848
Name:aagun3_03
Translation: 8411.98,0.776281,14512.2
Dof: 1.0 0.0 0.0
Up: 0.0 1.0 0.0
Right: 0.0 0.0 1.0
Name:sb_26
Translation: 8412.4,2.44181,14538.7
Dof: -1.0 0.0 0.0
Up: 0.0 1.0 0.0
Right: 0.0 0.0 -1.0
Name:nhangar_01
Translation: 10540.4,4.23202,4437.59
Dof: -4.21469e-007 0.0 -1.0
Up: 0.0 1.0 0.0
Right: 1.0 0.0 -4.21469e-007
Name:nhangar_02
Translation: 9986.98,4.23202,4436.47
Dof: 4.21469e-007 0.0 1.0
Up: 0.0 1.0 0.0
Right: -1.0 0.0 4.21469e-007
Name:nhangar_03
Translation: 7326.39,1.56165,15049.7
Dof: 5.90056e-007 0.0 1.0
Up: 0.0 1.0 0.0
Right: -1.0 0.0 5.90056e-007
Name:nhangar_04
Translation: 7854.05,1.56165,15049.5
Dof: -4.21469e-007 0.0 -1.0
Up: 0.0 1.0 0.0
Right: 1.0 0.0 -4.21469e-007
Name:amobuil_03
Translation: 8845.47,-189.759,7036.15
Dof: 0.0 0.0 1.0
Up: 0.0 1.0 0.0
Right: -1.0 0.0 0.0
Name:sb_27
Translation: 8059.22,2.44181,15234.5
Dof: 0.0174524 0.0 -0.999848
Up: 0.0 1.0 0.0
Right: 0.999848 0.0 0.0174524
Name:aagun3_05
Translation: 8097.08,0.776281,15234.5
Dof: 0.0 0.0 -1.0
Up: 0.0 1.0 0.0
Right: 1.0 0.0 0.0
Name:sb_28
Translation: 8123.52,2.44181,15234.1
Dof: 0.0 0.0 1.0
Up: 0.0 1.0 0.0
Right: -1.0 0.0 0.0
Name:sb_29
Translation: 8091.08,2.44181,15201.9
Dof: 1.0 0.0 0.0
Up: 0.0 1.0 0.0
Right: 0.0 0.0 1.0
Name:tank3_01
Translation: 9852.02,-11.2526,3314.55
Dof: 1.0 0.0 0.0
Up: 0.0 1.0 0.0
Right: 0.0 0.0 1.0
Name:aagun3_06
Translation: 9015.5,-195.403,11531.9
Dof: 1.0 0.0 0.0
Up: 0.0 1.0 0.0
Right: 0.0 0.0 1.0
Name:sb_30
Translation: 9013.7,-193.366,11588.7
Dof: -0.999848 0.0 -0.0174523
Up: 0.0 1.0 0.0
Right: 0.0174523 0.0 -0.999848
Name:sb_31
Translation: 8976.29,-193.366,11493.0
Dof: 0.656059 0.0 -0.75471
Up: 0.0 1.0 0.0
Right: 0.75471 0.0 0.656059
Name:sb_32
Translation: 9068.45,-193.366,11538.4
Dof: 0.233445 0.0 -0.97237
Up: 0.0 1.0 0.0
Right: 0.97237 0.0 0.233445
Name:sb_33
Translation: 9038.1,-193.366,11477.9
Dof: 0.942642 0.0 0.333807
Up: 0.0 1.0 0.0
Right: -0.333807 0.0 0.942642
Name:sb_34
Translation: 8965.99,-193.366,11558.0
Dof: -0.492424 0.0 -0.870356
Up: 0.0 1.0 0.0
Right: 0.870356 0.0 -0.492424
Name:fence_02
Translation: 9866.68,7.87964,4101.14
Dof: 0.0 0.0 -1.0
Up: 0.0 1.0 0.0
Right: 1.0 0.0 0.0
Name:fence_01
Translation: 9866.68,7.87964,4232.72
Dof: 0.0 0.0 -1.0
Up: 0.0 1.0 0.0
Right: 1.0 0.0 0.0
Name:fence_03
Translation: 9866.68,7.87964,4495.87
Dof: 0.0 0.0 -1.0
Up: 0.0 1.0 0.0
Right: 1.0 0.0 0.0
Name:fence_04
Translation: 9866.68,7.87964,4364.29
Dof: 0.0 0.0 -1.0
Up: 0.0 1.0 0.0
Right: 1.0 0.0 0.0
Name:fence_05
Translation: 10064.1,7.87964,4561.82
Dof: -1.0 0.0 0.0
Up: 0.0 1.0 0.0
Right: 0.0 0.0 -1.0
Name:fence_06
Translation: 10195.7,7.87964,4561.82
Dof: -1.0 0.0 0.0
Up: 0.0 1.0 0.0
Right: 0.0 0.0 -1.0
Name:fence_07
Translation: 10327.3,7.87964,4561.82
Dof: -1.0 0.0 0.0
Up: 0.0 1.0 0.0
Right: 0.0 0.0 -1.0
Name:fence_08
Translation: 9932.54,7.87964,4561.82
Dof: -1.0 0.0 0.0
Up: 0.0 1.0 0.0
Right: 0.0 0.0 -1.0
Name:fence_09
Translation: 10590.4,7.87964,4561.82
Dof: -1.0 0.0 0.0
Up: 0.0 1.0 0.0
Right: 0.0 0.0 -1.0
Name:fence_10
Translation: 10458.8,7.87964,4561.82
Dof: -1.0 0.0 0.0
Up: 0.0 1.0 0.0
Right: 0.0 0.0 -1.0
Name:fence_11
Translation: 9866.68,7.87964,3706.42
Dof: 0.0 0.0 -1.0
Up: 0.0 1.0 0.0
Right: 1.0 0.0 0.0
Name:fence_12
Translation: 9866.68,7.87964,3969.57
Dof: 0.0 0.0 -1.0
Up: 0.0 1.0 0.0
Right: 1.0 0.0 0.0
Name:fence_13
Translation: 9866.68,7.87964,3837.99
Dof: 0.0 0.0 -1.0
Up: 0.0 1.0 0.0
Right: 1.0 0.0 0.0
Name:torpboat_01
Translation: 7535.64,116.501,12570.7
Dof: 0.258819 0.0 0.965926
